0	16	16:1-4639387	16:1-4010037	7.90543	4000001	1130340	36205
1	16	16:3331542-8510041	16:4010038-8010040	11.2713	4000003	1392941	49143
2	16	16:7510040-12655467	16:8010041-12010047	9.08199	4000006	1152209	42316
3	16	16:11510053-16606071	16:12010048-16010061	5.89576	4000005	1021065	33250
4	16	16:15510075-22432523	16:16010062-20875457	7.95131	4865381	923843	33201
5	16	16:20139146-26156836	16:20875458-25656836	7.72945	4781371	990670	33201
6	16	16:24900714-48433300	16:25656837-30603364	7.96812	4946528	1004909	33201
7	16	16:29022179-51318557	16:30603365-50818556	4	20215192	2162494	51239
8	16	16:49928866-55698367	16:50818557-55190827	9.37043	4372264	991001	33201
9	16	16:54690831-60325574	16:55190828-59245364	7.48357	4054531	871580	33201
10	16	16:58490313-64868090	16:59245365-63771025	4.34453	4525653	999235	33201
11	16	16:62609725-71006718	16:63771026-69401446	4.00014	5630421	1236940	37681
12	16	16:66312265-74824577	16:69401447-73993352	4.49532	4591901	1085794	33201
13	16	16:73493354-78554460	16:73993353-77993354	5.71684	4000000	1116743	36880
14	16	16:77493354-82506529	16:77993355-81993358	11.7066	4000001	1361229	47906
15	16	16:81493359-86493369	16:81993359-85993369	14.9405	4000010	1289925	47302
16	16	16:85493365-1000000000	16:85993370-1000000000	10.3711	4234915	1240159	42460
