0	17	17:1-4613643	17:1-4113642	10.6464	4000008	935080	35930
1	17	17:3613639-8849809	17:4113643-8113647	9.16203	4000004	925542	35548
2	17	17:7613647-12613658	17:8113648-12113655	10.6734	4000008	891887	33408
3	17	17:11549625-16983740	17:12113656-16113662	10.9353	4000001	905328	36763
4	17	17:15376211-27217315	17:16113663-21107526	4.12542	4993855	1038073	32401
5	17	17:19011356-32998732	17:21107527-32247334	4	11139801	1607475	47107
6	17	17:31457572-37650685	17:32247335-36848599	9.16124	4601263	964586	32401
7	17	17:36348306-42931046	17:36848600-41636715	5.57105	4788115	968926	32401
8	17	17:40578292-49136644	17:41636716-47795553	4	6158837	1236770	39683
9	17	17:45802722-54471527	17:47795554-52497701	5.87943	4702143	999853	32401
10	17	17:51462909-57467098	17:52497702-56967089	5.20833	4469387	966651	32401
11	17	17:56467101-63501461	17:56967090-61993266	5.91275	5026163	1042764	32401
12	17	17:61341850-67110615	17:61993267-66610613	5.10159	4617344	985427	32401
13	17	17:65572573-71540440	17:66610614-70897171	6.90818	4286556	926703	32401
14	17	17:70148304-75752183	17:70897172-74897173	10.8478	4000002	914840	33615
15	17	17:74386836-79397180	17:74897174-78897177	9.2443	4000000	961722	36706
16	17	17:78397178-1000000000	17:78897178-1000000000	11.3578	4348049	1077482	39746
