0	9	9:1-4510483	9:1-4010477	10.8373	4000003	1178546	41089
1	9	9:3510482-8510488	9:4010478-8010487	7.9138	4000004	1157092	35515
2	9	9:7510487-12782795	9:8010488-12010492	6.84127	4000005	1216950	40991
3	9	9:10676180-16510500	9:12010493-16010498	8.11399	4000004	1119027	35216
4	9	9:15068733-20510508	9:16010499-20010502	6.84753	4000003	1099135	36534
5	9	9:19459871-25004507	9:20010503-24177590	5.95531	4167077	1127030	33401
6	9	9:23556276-28757838	9:24177591-28180476	6.75843	4002883	1020223	33401
7	9	9:27636617-33418458	9:28180477-32674875	4.00003	4494396	1022674	38780
8	9	9:31836957-38208964	9:32674876-37357969	4.06541	4683093	995887	33401
9	9	9:36726469-68277559	9:37357970-65377059	4.00001	28019090	1380212	34732
10	9	9:63764407-74126325	9:65377060-72291854	4.94739	6914793	1042872	33401
11	9	9:71624392-77518833	9:72291855-76851846	6.38981	4559984	984641	33401
12	9	9:76318527-81635697	9:76851847-80993198	5.55792	4141352	950098	33401
13	9	9:79934614-86583426	9:80993199-85503669	6.53557	4510453	959938	33401
14	9	9:85003669-90198805	9:85503670-89698805	5.76067	4195136	921120	33401
15	9	9:88782764-95717520	9:89698806-93952682	4.83563	4253875	926594	33401
16	9	9:93049744-100406254	9:93952683-98833139	4.00013	4880447	1037906	35261
17	9	9:98316139-104822677	9:98833140-103729527	4.00002	4896377	1084715	37434
18	9	9:102477675-108608207	9:103729528-107961151	6.29074	4231623	921950	33401
19	9	9:107461155-112914404	9:107961152-111988765	5.4151	4027609	885906	33401
20	9	9:110884256-117286194	9:111988766-116518097	7.63663	4529331	952109	33401
21	9	9:115990035-122160797	9:116518098-121316841	5.89725	4798735	1044664	33401
22	9	9:119914962-126564044	9:121316842-126048763	4.8212	4731921	1029577	33401
23	9	9:124210468-130777088	9:126048764-130277088	6.49924	4228323	950002	33401
24	9	9:129740930-134777095	9:130277089-134277093	11.1092	4000002	935682	34476
25	9	9:133777091-1000000000	9:134277094-1000000000	11.4483	4041406	999618	34009
