0	4	4:1-4510254	4:1-4010243	7.37804	4000000	1023304	34330
1	4	4:3510240-8510259	4:4010244-8010255	13.7382	4000012	1041842	40894
2	4	4:7510260-13125910	4:8010256-12010263	6.95496	4000003	1094174	39457
3	4	4:11362501-16652704	4:12010264-16010264	4.99473	4000000	964362	32815
4	4	4:15146932-20633154	4:16010265-20010270	4.09444	4000003	883714	31208
5	4	4:18141677-24511737	4:20010271-24010271	4.67874	4000000	910134	33124
6	4	4:23473195-29127824	4:24010272-28010276	7.70562	4000002	873647	30912
7	4	4:27325002-33170679	4:28010277-32010283	4.0987	4000001	945111	33314
8	4	4:31215577-37531977	4:32010284-36538479	4.00109	4528193	1069225	37285
9	4	4:35370051-41038499	4:36538480-40538483	5.99974	4000003	858174	33685
10	4	4:40038484-47409476	4:40538484-44538484	4.51834	4000000	896909	31196
11	4	4:42660453-55317043	4:44538485-54817017	4.00025	10278529	1862973	55009
12	4	4:54110093-60506537	4:54817018-58817022	5.70926	4000000	939261	34949
13	4	4:57510247-65735490	4:58817023-64031656	4	5214634	1325105	44616
14	4	4:62620737-71551731	4:64031657-70604278	4	6572619	1539129	52283
15	4	4:68867280-76573188	4:70604279-75359045	4.00002	4754764	1089255	34182
16	4	4:74626803-80722173	4:75359046-79398979	4.00009	4039922	871462	30073
17	4	4:78169212-84222648	4:79398980-83478256	5.19168	4079273	861721	30001
18	4	4:82978259-89207642	4:83478257-88361240	4	4882974	1014860	34602
19	4	4:87467727-94712654	4:88361241-93616877	4	5255617	1198413	37463
20	4	4:91302839-99554321	4:93616878-98503039	4.00017	4886152	1112817	38117
21	4	4:95991172-104968141	4:98503040-103633487	4.00001	5130441	1117822	38578
22	4	4:102009170-109891441	4:103633488-108835950	4	5202461	1126257	34659
23	4	4:107892455-113689521	4:108835951-113108704	4.76215	4272746	911305	30001
24	4	4:112330560-120054306	4:113108705-117892377	4.00002	4783662	1067847	37220
25	4	4:116614901-124995704	4:117892378-123613013	4.00001	5720631	1200822	42810
26	4	4:122013455-130179891	4:123613014-128794759	4	5181742	1106905	37663
27	4	4:127615288-136204776	4:128794760-134871532	4.00002	6076773	1350928	44852
28	4	4:133213166-139665540	4:134871533-138871535	4.47495	4000002	902744	30871
29	4	4:138371533-145294547	4:138871536-143137100	5.03665	4265564	921123	30001
30	4	4:141786998-150045736	4:143137101-148448619	4	5311517	1162645	35032
31	4	4:147601571-153960664	4:148448620-153245207	4	4796585	1025328	31761
32	4	4:152745187-158331161	4:153245208-157245212	5.1886	4000004	870544	30645
33	4	4:156191943-162915476	4:157245213-162114881	4	4869660	1082392	38128
34	4	4:161233945-167305547	4:162114882-166114895	5.13513	4000004	863887	33216
35	4	4:165331550-171666219	4:166114896-170114904	4.41615	4000002	871871	31534
36	4	4:169056055-174746555	4:170114905-174166945	4.00011	4052036	896777	31218
37	4	4:173666946-178795460	4:174166946-178166949	6.33998	4000003	871260	32677
38	4	4:177408648-182666970	4:178166950-182166960	7.77852	4000001	953291	37543
39	4	4:181666980-186666997	4:182166961-186166989	11.623	4000002	879410	35509
40	4	4:185666982-1000000000	4:186166990-1000000000	8.97701	4037539	859280	36360
