0	12	12:1-4510615	12:1-4010613	10.6929	4000004	878177	32776
1	12	12:3510608-8511369	12:4010614-8011361	9.20134	4000738	883759	32001
2	12	12:7511360-12511373	12:8011362-12011370	7.00779	4000007	858327	32429
3	12	12:11511364-17220000	12:12011371-16443583	7.09735	4432213	937263	32001
4	12	12:15927502-21571542	12:16443584-20689169	4.73515	4245584	973655	32001
5	12	12:20189169-25409380	12:20689170-24909376	6.24885	4220205	939098	32001
6	12	12:24301860-29785732	12:24909377-29029169	5.15485	4119781	876762	32001
7	12	12:28032261-40128020	12:29029170-33029175	4.91683	4000006	875514	36872
8	12	12:32080704-46048391	12:33029176-44531218	4.00015	11502031	2261536	80577
9	12	12:43027998-50048345	12:44531219-49081723	4.03048	4550504	977209	32001
10	12	12:47875940-54204129	12:49081724-53649430	5.02532	4567704	979697	32001
11	12	12:52649795-59543690	12:53649431-58386411	4.97522	4736980	1044885	32001
12	12	12:57040269-64702138	12:58386412-63880708	4	5494293	1232192	41754
13	12	12:62800815-69217690	12:63880709-68620606	6.85653	4739896	980135	32001
14	12	12:68114819-75183623	12:68620607-72952595	4.83038	4331989	928119	32001
15	12	12:71941322-78247530	12:72952596-77541141	5.0649	4588544	980508	32001
16	12	12:76736835-83098798	12:77541142-82366575	4.57484	4825428	1051909	32001
17	12	12:80637144-90188452	12:82366576-89052977	4	6686398	1493111	45459
18	12	12:87641267-94308715	12:89052978-93808710	5.66573	4755728	1013096	32001
19	12	12:93247984-98869228	12:93808711-97810702	6.83302	4001973	838146	32001
20	12	12:97123994-103163826	12:97810703-102334761	4.83696	4524059	954816	32001
21	12	12:101470811-107872641	12:102334762-106814220	5.80449	4479457	913333	32001
22	12	12:105968439-113350011	12:106814221-112592406	4.00021	5778183	1225167	39057
23	12	12:109648489-117134866	12:112592407-116620164	7.9147	4027754	884989	32001
24	12	12:115933856-121565997	12:116620165-120761867	7.04526	4141701	882389	32001
25	12	12:119494094-125441925	12:120761868-124941925	5.18105	4180053	917429	32001
26	12	12:124428084-129441940	12:124941926-128941939	13.36	4000012	888663	36099
27	12	12:128441951-1000000000	12:128941940-1000000000	11.7054	4322965	1022720	40438
