0	3	3:1-4569247	3:1-4011806	10.2037	4000007	1093989	40962
1	3	3:3511805-8605311	3:4011807-8011808	9.99758	4000000	1022413	37798
2	3	3:7481024-13111681	3:8011809-12180085	8.68423	4168267	930373	32401
3	3	3:11670047-17112053	3:12180086-16265643	5.99602	4085558	911115	32401
4	3	3:15145400-21543943	3:16265644-20777624	4.00348	4511975	1011282	32401
5	3	3:19554120-25440132	3:20777625-24777639	6.1271	4000008	1007949	35605
6	3	3:24277633-29371554	3:24777640-28871553	5.00425	4093909	977297	32401
7	3	3:27936970-34200556	3:28871554-32871575	6.97314	4000019	905144	34119
8	3	3:32302438-39271820	3:32871576-38332683	4	5461103	1192778	37105
9	3	3:36792352-44099155	3:38332684-43055947	4	4723262	1006660	34713
10	3	3:42143602-54060148	3:43055948-53183250	4.00002	10127291	2149179	58884
11	3	3:47271794-58724948	3:53183251-57433532	5.30216	4250277	944683	32401
12	3	3:55909975-62065272	3:57433533-61433540	5.73996	4000000	954372	32444
13	3	3:60638037-66140747	3:61433541-65454455	7.2803	4020912	960411	32401
14	3	3:64878868-70398504	3:65454456-69454468	5.35541	4000002	962345	32445
15	3	3:68535696-74400002	3:69454469-73879347	8.0631	4424878	1003387	32401
16	3	3:73366710-81374485	3:73879348-78418147	4.82133	4538799	1029716	32401
17	3	3:77111136-98394425	3:78418148-95369962	4.00002	16951814	3535179	100409
18	3	3:88048171-104322979	3:95369963-103307602	4.00003	7937634	1818664	59229
19	3	3:102090091-108863647	3:103307603-107432092	4.37353	4124490	930265	32401
20	3	3:106616283-113601846	3:107432093-112636133	4.00021	5204040	1093099	36503
21	3	3:111690946-118366672	3:112636134-117367907	6.25225	4731772	1000688	32401
22	3	3:116867926-123067215	3:117367908-122256400	4.00002	4888472	1082045	35460
23	3	3:120664427-127359535	3:122256401-126423870	4.95726	4167454	910069	32401
24	3	3:125217452-132153463	3:126423871-131088727	4.08212	4664845	1003563	32401
25	3	3:130033264-137647582	3:131088728-135496671	5.04437	4407938	936252	32401
26	3	3:134669600-141619962	3:135496672-140817173	4	5320502	1158057	32883
27	3	3:140116481-146524343	3:140817174-145237845	5.14281	4420668	941939	32401
28	3	3:144119272-150277926	3:145237846-149482347	4.9493	4244501	923906	32401
29	3	3:148964602-155140968	3:149482348-153881064	4.9864	4398699	928468	32401
30	3	3:153027113-161358992	3:153881065-159557170	4.00008	5676089	1216853	40409
31	3	3:157784051-169144198	3:159557171-168187141	4.0002	8629967	1891341	64056
32	3	3:166736385-173252379	3:168187142-172609614	6.35548	4422471	948036	32401
33	3	3:172109613-177396121	3:172609615-176740350	6.58531	4130730	916344	32401
34	3	3:175834624-181950001	3:176740351-181374204	4.0963	4633852	989901	32401
35	3	3:179648910-186543119	3:181374205-186043116	6.54135	4668911	992551	32401
36	3	3:184802020-190577795	3:186043117-190077791	10.6271	4034669	876447	32401
37	3	3:189577741-194577810	3:190077792-194077795	7.75084	4000001	847423	33931
38	3	3:193577793-1000000000	3:194077796-1000000000	8.14015	4137639	928759	37019
