0	14	14:1-23328902	14:1-22828899	12.1856	6806047	885451	31401
1	14	14:22328900-28266281	14:22828900-27021648	7.78177	4192748	941734	31401
2	14	14:26212134-32369422	14:27021649-31381660	4.87154	4360006	954005	31401
3	14	14:30417060-36265343	14:31381661-35381663	8.76445	4000003	869520	32050
4	14	14:34302395-42249577	14:35381664-39923508	4.12117	4541843	979998	31401
5	14	14:38247023-48536412	14:39923509-46927543	4	7004033	1612988	54723
6	14	14:44752156-52076057	14:46927544-51576050	4.00005	4648506	1050933	35681
7	14	14:50876080-56484699	14:51576051-55855563	5.3279	4279506	906898	31401
8	14	14:54724004-61530389	14:55855564-60239469	4.89443	4383906	937569	31401
9	14	14:58608061-65887980	14:60239470-64750138	4.00001	4510664	987675	33419
10	14	14:63219634-70664436	14:64750139-69766729	4	5016590	1062252	35708
11	14	14:68839882-75233874	14:69766730-73800005	4.72024	4033271	872142	31591
12	14	14:72604736-78728361	14:73800006-77824415	5.38111	4024408	834737	31401
13	14	14:76921711-83036133	14:77824416-82069420	4.13188	4245003	902917	31401
14	14	14:81168875-87727979	14:82069421-86460982	4.00001	4391561	1000025	34297
15	14	14:85467413-91216786	14:86460983-90516044	5.82343	4055055	889471	31401
16	14	14:90016060-95016065	14:90516045-94516063	6.36292	4000003	861493	32203
17	14	14:93955326-99016067	14:94516064-98516063	9.67969	4000000	920391	34423
18	14	14:97793067-103997670	14:98516064-102610912	8.60403	4094848	929752	31401
19	14	14:101474925-1000000000	14:102610913-1000000000	7.55701	4272778	1002688	36333
