0	11	11:1-4765723	11:1-4070550	8.73906	4000008	953548	34142
1	11	11:3487517-8570563	11:4070551-8070562	8.06781	4000003	955831	38048
2	11	11:7570572-12570581	11:8070563-12070574	6.15462	4000001	895890	32230
3	11	11:11570581-17521082	11:12070575-16526896	5.35542	4456313	981916	30001
4	11	11:15284651-21120415	11:16526897-20620407	7.43131	4093508	877371	30001
5	11	11:20101701-25120424	11:20620408-24620414	6.31538	4000004	937690	36437
6	11	11:23724048-30773728	11:24620415-29348843	4.00001	4728425	1052782	37918
7	11	11:27030162-34436864	11:29348844-33936862	4.00032	4588012	1007404	31351
8	11	11:33370815-40072496	11:33936863-37936866	6.95609	4000000	867990	31625
9	11	11:36876694-44358764	11:37936867-43858762	4.00012	5921890	1381825	49239
10	11	11:42288313-58691132	11:43858763-48397235	4.3676	4538470	980809	30001
11	11	11:45101564-63013771	11:48397236-62039066	4.00001	13641830	2606905	78977
12	11	11:61048837-69139544	11:62039067-67943104	4	5904036	1360685	39911
13	11	11:65630395-73242260	11:67943105-71943107	5.30289	4000000	929638	32674
14	11	11:70955664-78016917	11:71943108-76721448	4.00002	4778337	1010412	32691
15	11	11:75683038-81531769	11:76721449-80721452	5.48083	4000004	900708	30039
16	11	11:80195734-87717032	11:80721453-86563432	4	5841979	1351318	44894
17	11	11:84503400-93028301	11:86563433-92212385	4.00014	5648952	1270909	43811
18	11	11:90680027-97305989	11:92212386-96561653	5.53841	4349264	929987	30001
19	11	11:95993058-101688264	11:96561654-100561657	4.12776	4000000	963851	35243
20	11	11:99744971-106766259	11:100561658-105617479	4	5055817	1106636	37875
21	11	11:103901737-111258747	11:105617480-110350409	4.00011	4732926	1051941	32344
22	11	11:109280850-115607573	11:110350410-114680660	5.35181	4330251	923309	30001
23	11	11:114145414-119535856	11:114680661-118738891	6.85355	4058225	885197	30001
24	11	11:117877855-123364852	11:118738892-122864850	7.07898	4125946	892440	30001
25	11	11:122330345-127446755	11:122864851-126864854	7.11562	4000000	869891	32786
26	11	11:126364857-131364863	11:126864855-130864863	7.7345	4000004	890842	30503
27	11	11:130364858-1000000000	11:130864864-1000000000	10.2468	4211723	1009222	35248
