0	19	19:1-4560805	19:1-4060799	14.0518	4000002	1039250	37572
1	19	19:3560806-8600002	19:4060800-8060816	11.7925	4000008	964978	39435
2	19	19:7560805-13182867	19:8060817-12060825	6.87878	4000000	907816	34654
3	19	19:11324952-16560845	19:12060826-16060838	7.02075	4000004	914399	34599
4	19	19:15224212-20748629	19:16060839-20060841	6.94999	4000002	934772	33232
5	19	19:18935981-29905984	19:20060842-29328545	4	9267704	1646647	61741
6	19	19:28292011-33949770	19:29328546-33449757	6.21988	4121212	958671	33101
7	19	19:32908063-38949246	19:33449758-37780538	5.7295	4330780	933022	33101
8	19	19:35797333-43451561	19:37780539-41942739	5.1509	4162201	943509	33101
9	19	19:41166077-46643405	19:41942740-46143402	5.74402	4200662	988606	33101
10	19	19:45372143-50643413	19:46143403-50143407	7.95451	4000003	923128	34966
11	19	19:49435109-54643417	19:50143408-54143414	14.9202	4000006	930942	41741
12	19	19:53643423-1000000000	19:54143415-1000000000	11.3609	4463986	1095968	43481
