0	20	20:1-4560061	20:1-4060061	11.3959	4000000	865268	33513
1	20	20:3560065-8637340	20:4060062-8060066	12.0677	4000000	880900	34974
2	20	20:7386098-13015492	20:8060067-12515478	8.53303	4455411	961593	33501
3	20	20:11959267-17507629	20:12515479-16768980	7.58016	4253500	917469	33501
4	20	20:16217843-22690836	20:16768981-21050967	7.47024	4281978	931012	33501
5	20	20:20279660-33113141	20:21050968-31549151	4	10498183	1919135	56282
6	20	20:24467113-39068578	20:31549152-38282818	4.0001	6733666	1436550	42356
7	20	20:37576387-43756999	20:38282819-43181961	6.45728	4899135	1056145	33501
8	20	20:42681957-48119487	20:43181962-47619487	7.22219	4437523	955972	33501
9	20	20:46982183-52289205	20:47619488-51789196	7.52731	4169706	923179	33501
10	20	20:51289196-56403844	20:51789197-55789200	8.49226	4000001	911453	34268
11	20	20:55289213-60388071	20:55789201-59874964	11.6882	4085751	925444	33501
12	20	20:59374958-1000000000	20:59874965-1000000000	11.8593	4459162	1096090	39114
