0	1	1:1-4711524	1:1-4211522	9.95374	4161123	902389	30101
1	1	1:3711522-9008625	1:4211523-8211525	8.76535	4000002	911212	33048
2	1	1:7543615-12756516	1:8211526-12211531	7.32467	4000000	898806	31816
3	1	1:11711528-17104654	1:12211532-16211546	8.67507	4000011	842459	32549
4	1	1:15359625-20711556	1:16211547-20211555	9.27444	4000001	881851	32530
5	1	1:19711555-24988709	1:20211556-24211557	5.15258	4000001	874396	30469
6	1	1:23559554-29572287	1:24211558-28860193	4	4648628	987916	31152
7	1	1:27045627-33781240	1:28860194-32912083	5.22169	4051889	883621	30101
8	1	1:31215082-38150010	1:32912084-37332943	6.47637	4420856	940038	30101
9	1	1:36832941-43046751	1:37332944-41604077	5.81081	4271134	883544	30101
10	1	1:40819731-48508934	1:41604078-47580459	4.00001	5976369	1255387	39706
11	1	1:46538433-54504543	1:47580460-53905248	4.00002	6324784	1323060	39365
12	1	1:53297397-58449199	1:53905249-57905253	6.20969	4000004	865742	30971
13	1	1:57121547-62938750	1:57905254-62121342	6.41211	4216088	891241	30101
14	1	1:61599999-67299922	1:62121343-66361586	5.80489	4240244	882623	30101
15	1	1:65232096-73006717	1:66361587-70795955	4.66572	4434359	953479	30101
16	1	1:69689533-78494950	1:70795956-76794233	4	5998278	1291972	39080
17	1	1:76189832-82128489	1:76794234-81427320	4.00001	4633083	1012431	35158
18	1	1:80873836-87174784	1:81427321-85642029	4.75548	4214704	887761	30101
19	1	1:84880657-91065448	1:85642030-90120414	5.15327	4478383	933128	30101
20	1	1:89346294-95684937	1:90120415-94734810	4.00008	4614386	948096	30509
21	1	1:94014046-100732079	1:94734811-99335725	4.00014	4600911	1008255	31035
22	1	1:98334249-105312509	1:99335726-104032689	4	4696962	1025407	36054
23	1	1:101960328-109246606	1:104032690-108032693	4.46544	4000000	925522	32786
24	1	1:107388953-113280916	1:108032694-112382833	6.51385	4350138	891417	30101
25	1	1:111814684-117237692	1:112382834-116635682	4.67691	4252838	910620	30101
26	1	1:115812394-143188166	1:116635683-124977260	4.27362	8341575	1043338	30101
27	1	1:120174324-152564670	1:124977261-150130228	10.3562	25152967	1155810	30101
28	1	1:149517389-156708728	1:150130229-156122787	4	5992540	1277050	38407
29	1	1:154735766-160674649	1:156122788-160122799	6.14081	4000011	894664	31190
30	1	1:159622800-164634943	1:160122800-164122802	5.48335	4000000	838407	30288
31	1	1:163375161-168622808	1:164122803-168122803	6.86882	4000001	865748	31191
32	1	1:167563744-173215337	1:168122804-172122808	4.64339	4000001	837490	30248
33	1	1:171071285-178070480	1:172122809-177276955	4	5154144	1091073	32354
34	1	1:175930813-182362586	1:177276956-181422628	4.00006	4145666	881932	30244
35	1	1:180922628-187003659	1:181422629-185805917	4.02664	4383284	909889	30101
36	1	1:184654957-192927716	1:185805918-192354579	4.00003	6548651	1488771	49649
37	1	1:189872047-199456001	1:192354580-198001459	4	5646879	1267087	40596
38	1	1:196029935-202941346	1:198001460-202001461	4.80405	4000002	851374	30706
39	1	1:201501468-206542354	1:202001462-206001471	6.87366	4000003	855350	30213
40	1	1:205478443-210907842	1:206001472-210346070	6.13539	4344596	898376	30101
41	1	1:209548028-215053468	1:210346071-214346070	4.74103	4000000	846966	30225
42	1	1:213692388-218921797	1:214346071-218346070	5.1546	4000000	858747	30195
43	1	1:217434028-223480171	1:218346071-222640418	4.10918	4294348	911073	30101
44	1	1:221719674-229281838	1:222640419-228781837	4.00002	6141410	1289176	43696
45	1	1:226520867-233296647	1:228781838-232781841	6.73703	4000003	871206	31189
46	1	1:232281844-237281850	1:232781842-236781845	9.49719	4000001	872318	34188
47	1	1:236281843-241281856	1:236781846-240781855	9.02066	4000010	875769	35428
48	1	1:240281848-245281868	1:240781856-244781860	8.76636	4000003	865277	31220
49	1	1:244281863-1000000000	1:244781861-1000000000	7.35812	4163794	901425	38243
