0	10	10:1-4510477	10:1-4010468	8.50168	4000003	988219	36747
1	10	10:3510467-8510491	10:4010469-8010489	9.95597	4000020	951335	38596
2	10	10:7510495-12510496	10:8010490-12010496	7.77278	4000001	931938	33015
3	10	10:11380732-16637292	10:12010497-16010505	9.68183	4000000	962019	37831
4	10	10:15435012-20970247	10:16010506-20010512	6.12925	4000000	994050	37509
5	10	10:19204103-24827223	10:20010513-24327221	4.15694	4316701	1006851	32501
6	10	10:23399361-28843605	10:24327222-28327225	5.00705	4000000	871788	35167
7	10	10:26606402-33506537	10:28327226-32327229	6.62518	4000004	893386	35437
8	10	10:30788681-43302122	10:32327230-36574961	4.16457	4247731	947413	32501
9	10	10:35760416-46581141	10:36574962-46081140	4	9506177	1841147	63059
10	10	10:45581145-52069260	10:46081141-51515448	9.05748	5434303	1041351	32501
11	10	10:50360405-57663231	10:51515449-55515452	5.88578	4000000	909735	35243
12	10	10:54643594-61794602	10:55515453-60292028	4	4776558	1021938	37294
13	10	10:59578173-66633520	10:60292029-65788676	4.00005	5496636	1193546	40462
14	10	10:64502301-70288684	10:65788677-69788679	4.43987	4000003	875698	33859
15	10	10:69288681-75924707	10:69788680-74162521	5.71688	4373837	935109	32501
16	10	10:71749908-79542603	10:74162522-79042601	5.37933	4880080	1033937	32501
17	10	10:78445935-84033061	10:79042602-83164446	5.72485	4121833	907490	32501
18	10	10:82116327-88214379	10:83164447-87356479	4.00019	4192030	926428	32766
19	10	10:86178255-93488832	10:87356480-91905640	5.67705	4549129	941390	32501
20	10	10:91114596-97533724	10:91905641-96654750	4.00011	4749109	992233	34318
21	10	10:95558620-104050369	10:96654751-101320617	5.3117	4665865	981554	32501
22	10	10:100820612-108764962	10:101320618-107733873	4	6413249	1389977	43963
23	10	10:106672158-112850006	10:107733874-112291006	4	4557130	1078343	36938
24	10	10:111357764-117506449	10:112291007-117006445	6.68605	4715432	1007680	32501
25	10	10:116197400-121817210	10:117006446-121317209	7.99379	4310759	911816	32501
26	10	10:120648854-126103375	10:121317210-125337878	9.09769	4020662	873661	32501
27	10	10:124837875-129837886	10:125337879-129337881	10.7051	4000001	915095	34073
28	10	10:128837883-1000000000	10:129337882-1000000000	9.5006	4449292	1031189	39398
