0	6	6:1-4657210	6:1-4063750	10.5847	4000000	902108	33566
1	6	6:3563752-8869961	6:4063751-8063764	9.11414	4000006	899404	35120
2	6	6:7500269-12563772	6:8063765-12063766	6.80627	4000002	870081	33511
3	6	6:11563761-16563788	6:12063767-16063776	6.06136	4000003	889159	31406
4	6	6:15026392-20563793	6:16063777-20063782	5.43498	4000000	877412	32009
5	6	6:19563550-24951063	6:20063783-24063787	7.32297	4000002	887831	33596
6	6	6:23563788-32659382	6:24063788-31239550	4	7175762	1464706	68863
7	6	6:29633995-36637138	6:31239551-35491073	4.00004	4251522	843230	54024
8	6	6:33994446-40443974	6:35491074-39491085	5.10356	4000004	838247	31112
9	6	6:38940145-44016991	6:39491086-43516985	6.67107	4025895	866075	30701
10	6	6:42481499-50375756	6:43516986-47824823	6.39993	4307838	943305	30701
11	6	6:46871738-54559741	6:47824824-53543917	4.00005	5719093	1314042	41755
12	6	6:52940551-66619172	6:53543918-65336365	4	11792446	2409140	76329
13	6	6:62481827-72462519	6:65336366-70900214	4.00003	5563846	1323439	47632
14	6	6:69894040-78605515	6:70900215-76638935	4	5738720	1265266	43201
15	6	6:75128094-85680899	6:76638936-84159921	4.00001	7520985	1722321	56974
16	6	6:82068802-90041120	6:84159922-89262279	4.00008	5102355	1215663	38755
17	6	6:88179177-94973576	6:89262280-93527410	4.9882	4265130	940746	30701
18	6	6:92432558-100310705	6:93527411-99226402	4.00005	5698991	1256684	39131
19	6	6:98165948-105409691	6:99226403-104072482	4.00004	4846079	1067531	37412
20	6	6:103015175-109182236	6:104072483-108132578	5.88971	4060096	864923	30701
21	6	6:107632570-114233336	6:108132579-112700578	4.01409	4567999	959058	30701
22	6	6:111830696-122071646	6:112700579-120328067	4	7627488	1634482	53419
23	6	6:118205932-125049778	6:120328068-124396637	4.10284	4068566	878429	30701
24	6	6:123843923-129872340	6:124396638-129349356	4.07117	4952718	1055177	30701
25	6	6:128019004-134043084	6:129349357-133349361	4.95517	4000001	878566	31946
26	6	6:132445037-138260947	6:133349362-137609993	5.84554	4260628	909900	30701
27	6	6:137085163-142887707	6:137609994-141838717	4.37047	4228719	924364	30701
28	6	6:139388324-147429917	6:141838718-146324141	4.10013	4485421	958463	30701
29	6	6:144455308-150853572	6:146324142-150343738	5.62141	4019593	848655	30701
30	6	6:149843729-154843742	6:150343739-154343738	6.97789	4000000	863299	33470
31	6	6:153477733-159184831	6:154343739-158343748	6.81415	4000009	864868	31400
32	6	6:157597025-163247615	6:158343749-162343752	6.31538	4000002	879377	33316
33	6	6:161843756-166843769	6:162343753-166343762	8.06209	4000003	909508	33364
34	6	6:165824401-1000000000	6:166343763-1000000000	8.41449	4400553	951773	38419
