0	18	18:1-4594604	18:1-4094603	12.0975	4083875	882284	35901
1	18	18:3594595-8938807	18:4094604-8438807	13.0367	4344204	953152	35901
2	18	18:7938807-13424229	18:8438808-12527170	11.5726	4088362	929375	35901
3	18	18:11880796-24210253	18:12527171-22583755	4.6881	10056576	1125450	35901
4	18	18:22027852-29034588	18:22583756-27635813	5.89286	5052057	1065603	35901
5	18	18:26824451-34417676	18:27635814-32624266	4.65811	4988449	1090258	35901
6	18	18:31668271-40104141	18:32624267-38176914	4.02297	5552647	1183247	35901
7	18	18:36642570-45389976	18:38176915-44320428	4	6143513	1384321	43319
8	18	18:42357574-50440401	18:44320429-49308599	7.18073	4988166	1097531	35901
9	18	18:48776089-56096855	18:49308600-53735512	4.63367	4426909	1012407	35901
10	18	18:52422425-59171666	18:53735513-58544205	5.16561	4808692	1043633	35901
11	18	18:58044208-63521229	18:58544206-63021222	6.72226	4477013	984952	35901
12	18	18:61793688-68028111	18:63021223-67387992	5.97078	4366765	993379	35901
13	18	18:66287243-72174833	18:67387993-71615394	7.12398	4227402	927392	35901
14	18	18:70808804-76301223	18:71615395-75801221	9.97211	4185824	954680	35901
15	18	18:75221946-1000000000	18:75801222-1000000000	10.9789	4461539	1036555	40417
