0	2	2:1-4510530	2:1-4010525	10.756	4000000	912889	34730
1	2	2:3510530-8510552	2:4010526-8010545	10.6524	4000015	938573	33266
2	2	2:7510553-12585136	2:8010546-12010561	10.4223	4000006	886323	32616
3	2	2:11510562-16510567	2:12010562-16010566	5.25015	4000003	906980	31864
4	2	2:15510563-20575982	2:16010567-20075981	5.69978	4065413	881292	30401
5	2	2:19400655-25986289	2:20075982-24368071	5.47744	4292084	956687	30401
6	2	2:23269380-30039235	2:24368072-29342257	4	4974186	1080916	32780
7	2	2:28573231-33850002	2:29342258-33350002	5.03189	4007745	934796	30987
8	2	2:31327967-37850021	2:33350003-37350017	5.43987	4000014	1020058	37518
9	2	2:36540507-42108130	2:37350018-41350028	4.66785	4000007	1058397	33165
10	2	2:40279234-45850048	2:41350029-45350033	5.20979	4000001	1051346	32782
11	2	2:44850032-50590027	2:45350034-49350039	5.96217	4000002	1049521	32315
12	2	2:48599792-55166852	2:49350040-53610152	4.00011	4260113	1151595	36174
13	2	2:53110160-60498616	2:53610153-59517788	4.00004	5907628	1495560	45052
14	2	2:58618912-65730046	2:59517789-65005786	4.00037	5487994	1261584	36188
15	2	2:64485842-70457620	2:65005787-69005796	5.64671	4000007	905397	31811
16	2	2:68394202-74740867	2:69005797-73389270	4.88114	4383469	942541	30401
17	2	2:72134720-77903948	2:73389271-77389280	4.76574	4000004	931353	31288
18	2	2:76685446-84146426	2:77389281-81389283	5.05629	4000001	941539	31620
19	2	2:80185840-88139929	2:81389284-87639921	4.00001	6250636	1303987	44940
20	2	2:86334029-100605867	2:87639922-98205457	4	10565532	1483448	33150
21	2	2:89086852-105255591	2:98205458-104507441	4.00009	6301982	1400324	42722
22	2	2:102971848-109497292	2:104507442-108600891	4.71084	4093435	882816	30401
23	2	2:107317293-114830394	2:108600892-113780261	6.17249	5179370	933486	30401
24	2	2:112718965-120344415	2:113780262-119137128	4.00008	5356866	1206339	40281
25	2	2:118239803-124749994	2:119137129-123193074	5.30313	4055945	897578	30401
26	2	2:122225963-129095677	2:123193075-128451586	4.00038	5258500	1182068	39014
27	2	2:127139387-132988460	2:128451587-132451591	4.47374	4000003	868730	30870
28	2	2:131938428-137939222	2:132451592-136979223	4.99522	4527630	951146	30401
29	2	2:136028613-142499810	2:136979224-141617880	4.00024	4638657	1008377	35960
30	2	2:140573753-148447333	2:141617881-146498905	4.00012	4881022	1074454	30664
31	2	2:144871455-153146795	2:146498906-151384015	4.00012	4885104	1042722	31643
32	2	2:150488487-157810070	2:151384016-157310070	4.00009	5926052	1256999	39208
33	2	2:155635936-163949959	2:157310071-162762772	4.00005	5452700	1151657	36364
34	2	2:160526920-168815338	2:162762773-167907040	4	5144267	1108569	35990
35	2	2:166866546-172482438	2:167907041-171907043	5.42235	4000002	828493	30465
36	2	2:170628215-176617753	2:171907044-176056406	5.37207	4149359	865490	30401
37	2	2:174703735-181534588	2:176056407-180343890	4.29532	4287481	912680	30401
38	2	2:179532790-190079121	2:180343891-187934234	4	7590333	1662268	52260
39	2	2:184490317-194748746	2:187934235-192640908	4.53229	4706673	974124	30401
40	2	2:191936113-201389247	2:192640909-198948149	4	6307229	1351755	40819
41	2	2:197302405-205700007	2:198948150-205200003	4.04558	6251852	1303128	37379
42	2	2:204279465-211040558	2:205200004-209372287	5.20413	4172273	889879	30401
43	2	2:207960461-215073841	2:209372288-213372296	4.13419	4000001	894366	30731
44	2	2:212535846-217964562	2:213372297-217372297	5.39786	4000001	872514	30635
45	2	2:216872298-222122174	2:217372298-221556712	6.09798	4184413	904901	30401
46	2	2:220929757-226666845	2:221556713-225728258	4.95517	4171546	893078	30401
47	2	2:224388011-230645167	2:225728259-229728264	6.55717	4000002	873053	31513
48	2	2:229228270-234228280	2:229728265-233728275	5.24667	4000003	867366	30863
49	2	2:233045312-238298824	2:233728276-237728295	10.2889	4000003	919663	35963
50	2	2:237228296-1000000000	2:237728296-1000000000	8.75018	4455030	1034712	37605
