0	8	8:1-4561617	8:1-4061616	9.53923	4000000	1381200	50244
1	8	8:3561620-8880024	8:4061617-8062436	9.31039	4000816	1377725	48404
2	8	8:6883321-12565020	8:8062437-12065019	6.02377	4002490	1224091	38612
3	8	8:11565031-16731725	8:12065020-16065036	8.66802	4000003	1228608	45757
4	8	8:15420815-20565052	8:16065037-20065044	8.37455	4000000	1153314	42399
5	8	8:19324507-25062761	8:20065045-24065056	7.62343	4000010	1008392	34990
6	8	8:23295996-28565070	8:24065057-28065068	5.42368	4000009	887017	32474
7	8	8:27433603-35024690	8:28065069-32369602	6.05233	4304527	917596	31101
8	8	8:31225555-39552375	8:32369603-38514671	4.00002	6145066	1354968	40337
9	8	8:37721529-51340697	8:38514672-42821314	4.41685	4306642	912988	31101
10	8	8:41577469-55683275	8:42821315-54419646	4	11598329	2412929	70080
11	8	8:53394275-59370147	8:54419647-58772948	4	4353301	982946	33802
12	8	8:57939918-65474712	8:58772949-63785181	4	5012225	1123837	35153
13	8	8:61730431-69561082	8:63785182-69061070	4.00001	5275886	1139672	35151
14	8	8:68210195-74568544	8:69061071-73389625	7.08238	4328547	915860	31101
15	8	8:72889622-81044935	8:73389626-79977713	4	6588082	1439600	48103
16	8	8:78791587-88842564	8:79977714-86769767	4	6792051	1478098	49365
17	8	8:84185776-94632170	8:86769768-93372644	4.00001	6602875	1500859	45999
18	8	8:92539240-98235204	8:93372645-97735200	4.91692	4362555	899071	31101
19	8	8:96529040-103000003	8:97735201-102314406	6.17313	4579206	971860	31101
20	8	8:101561358-108740727	8:102314407-107380784	4.00026	5066376	1088079	36417
21	8	8:105694339-116934486	8:107380785-116120732	4.00011	8739947	1903880	59006
22	8	8:114701486-121271994	8:116120733-120404138	4.18686	4283392	910932	31101
23	8	8:118690416-125261087	8:120404139-124560409	6.67828	4156267	898963	31101
24	8	8:123853664-129472492	8:124560410-128560424	8.23386	4000005	895567	32965
25	8	8:128038872-133321658	8:128560425-132695832	5.1702	4135403	930430	31101
26	8	8:132137055-137789412	8:132695833-136695860	6.04037	4000004	921711	32327
27	8	8:135678363-141417547	8:136695861-140695874	7.70705	4000011	927888	32277
28	8	8:140094817-1000000000	8:140695875-1000000000	6.38107	4380112	1076758	35432
