0	7	7:1-4519211	7:1-4019198	6.48672	4000002	1170984	42344
1	7	7:3045769-8519207	7:4019199-8019201	8.44814	4000000	1105185	42031
2	7	7:7519204-12747272	7:8019202-12019422	7.48989	4000216	1048010	38667
3	7	7:11475177-16697213	7:12019423-16019430	6.8841	4000006	1049150	39131
4	7	7:15248326-20599172	7:16019431-20019432	6.14183	4000001	1003289	32738
5	7	7:19103435-24861349	7:20019433-24019438	5.98014	4000004	947348	32288
6	7	7:22750270-28634114	7:24019439-28134113	4.95272	4114657	911983	31001
7	7	7:27104516-33518094	7:28134114-32237765	7.54159	4103644	888296	31001
8	7	7:31692303-36954421	7:32237766-36454416	4.18169	4216650	892636	31001
9	7	7:35350132-41043221	7:36454417-40543220	5.32528	4088799	869446	31001
10	7	7:38923122-45655151	7:40543221-44898748	5.38178	4355512	948153	31001
11	7	7:43433725-49814930	7:44898749-48904088	4.77615	4005340	893838	31001
12	7	7:47709856-54607216	7:48904089-52928574	4	4024485	926885	34344
13	7	7:51805455-68145988	7:52928575-66986153	4	14057577	2510320	87746
14	7	7:57207322-71792327	7:66986154-71188583	4.00005	4202428	927997	35668
15	7	7:70643565-77452199	7:71188584-75917072	5.5781	4728489	934066	31001
16	7	7:75409955-80756397	7:75917073-79917076	4.65996	4000004	857905	31069
17	7	7:78912489-85942427	7:79917077-84030473	5.42112	4113397	894555	31001
18	7	7:83013476-91850187	7:84030474-91111204	4.00041	7080729	1551832	50722
19	7	7:89488881-97231466	7:91111205-96167839	5.05998	5056631	1054077	31001
20	7	7:95319852-101790890	7:96167840-100785779	4	4617937	1006856	32994
21	7	7:98782607-106120443	7:100785780-105620443	4.00002	4834661	1047138	36876
22	7	7:104231281-110894035	7:105620444-109949416	5.93293	4328972	950173	31001
23	7	7:108548887-116588846	7:109949417-115268325	4.00001	5318908	1174687	34181
24	7	7:113421843-124517004	7:115268326-122295980	4	7027641	1507028	44260
25	7	7:121178077-130439168	7:122295981-129194032	4	6898042	1473278	49187
26	7	7:128268784-135258736	7:129194033-133720391	5.64902	4526355	950516	31001
27	7	7:132307280-138577839	7:133720392-138009002	4.48186	4288606	898249	31001
28	7	7:137324430-143382844	7:138009003-142156155	7.60574	4147148	888321	31001
29	7	7:141656153-147508789	7:142156156-146848785	4	4692630	960369	32931
30	7	7:145446015-151348800	7:146848786-150848790	7.10243	4000004	891562	34970
31	7	7:150186994-155348814	7:150848791-154848814	11.759	4000014	905078	34877
32	7	7:154348811-1000000000	7:154848815-1000000000	10.3816	4487093	1046650	41395
