0	15	15:1-25716211	15:1-25216207	23.0721	8207046	881597	32101
1	15	15:24716206-29909378	15:25216208-29381689	11.1441	4165480	878383	32101
2	15	15:28881688-34684001	15:29381690-34044039	9.97924	4662348	885068	32101
3	15	15:33544035-38957959	15:34044040-38457957	7.39864	4413917	927918	32101
4	15	15:37673890-45252828	15:38457958-42740552	5.15945	4282595	958359	32101
5	15	15:41236832-48960695	15:42740553-48070572	4.00003	5330020	1152130	34147
6	15	15:47195585-54215132	15:48070573-53459704	4	5389131	1160051	36869
7	15	15:52765846-58147255	15:53459705-57516289	4	4056584	968271	34752
8	15	15:56846237-62443428	15:57516290-61571750	7.68678	4055460	993415	32101
9	15	15:61013015-66676988	15:61571751-66045340	4.1785	4473590	1003578	32101
10	15	15:64049998-71489556	15:66045341-70547208	7.72582	4501866	958396	32101
11	15	15:70047198-78350126	15:70547209-76571357	4.00004	6024147	1254925	37265
12	15	15:74168217-81323514	15:76571358-80823509	5.12899	4252151	911894	32101
13	15	15:80323509-86711773	15:80823510-85940268	4.00014	5116755	1050998	34262
14	15	15:84863702-90733639	15:85940269-89940273	6.96501	4000003	1007489	34087
15	15	15:89436197-94440292	15:89940274-93940292	10.8374	4000002	932164	35536
16	15	15:93419580-98440297	15:93940293-97940295	11.7371	4000003	930946	32620
17	15	15:97440291-1000000000	15:97940296-1000000000	10.8727	4040583	956531	36918
