0	5	5:1-4511905	5:1-4011899	10.0849	4000006	947757	37338
1	5	5:3511923-8549803	5:4011900-8049798	8.62103	4037875	927707	34301
2	5	5:7224218-13812912	5:8049799-12333608	8.47281	4283804	948640	34301
3	5	5:11397009-17339314	5:12333609-16839293	5.1802	4505685	1011051	34301
4	5	5:16339299-22657831	5:16839294-21051049	4.56323	4211749	935952	34301
5	5	5:19489226-26804591	5:21051050-25974623	4	4923574	1119593	38218
6	5	5:24839037-31249308	5:25974624-30566260	4.00002	4591637	1090699	39232
7	5	5:29468600-36079398	5:30566261-34891594	8.362	4325327	913454	34301
8	5	5:34391597-41537923	5:34891595-39540375	5.75422	4648778	1007100	34301
9	5	5:38720171-54721182	5:39540376-54221174	4.00019	14680799	2776649	81063
10	5	5:52879543-59487776	5:54221175-58682600	5.52725	4461425	980503	34301
11	5	5:57595471-66616299	5:58682601-65787499	4.00007	7104898	1524931	47333
12	5	5:63315659-73304510	5:65787500-72242665	7.43121	6455161	1026892	34301
13	5	5:71719756-77411392	5:72242666-76911389	6.67583	4668724	1003048	34301
14	5	5:76411377-82784691	5:76911390-81473332	6.74361	4561942	974008	34301
15	5	5:80625404-88559262	5:81473333-86100146	4.63569	4626806	1002657	34301
16	5	5:84676770-95096319	5:86100147-93298617	4.00005	7198470	1536109	42665
17	5	5:91632487-101258593	5:93298618-98550094	4.05429	5251473	1113405	34301
18	5	5:97149296-107466824	5:98550095-106561126	4.00021	8011031	1805492	59467
19	5	5:104447190-112127251	5:106561127-110906499	4.25648	4345372	1042515	34301
20	5	5:109898888-116495346	5:110906500-115739953	4.00001	4833447	1211101	39775
21	5	5:114442333-120982020	5:115739954-119739963	4.98634	4000008	1026337	36505
22	5	5:118379290-124580491	5:119739964-124080489	4.00002	4340525	1052239	34670
23	5	5:123069494-130184493	5:124080490-128490535	5.55724	4410040	1007279	34301
24	5	5:126856277-135277295	5:128490536-134234452	4	5743916	1228182	39078
25	5	5:133649570-141720313	5:134234453-139902589	4.19928	5668136	1203276	34301
26	5	5:137612797-145866181	5:139902590-144927693	5.92337	5025098	1088836	34301
27	5	5:143425359-150176178	5:144927694-149676178	6.28946	4748480	1019407	34301
28	5	5:149176181-155076776	5:149676179-154173714	5.89194	4497533	978582	34301
29	5	5:152643664-159755676	5:154173715-159061806	4	4888092	1074708	36923
30	5	5:157766660-164355025	5:159061807-163583278	5.25574	4521468	1022805	34301
31	5	5:162452986-168814319	5:163583279-168314306	6.85548	4731026	1067350	34301
32	5	5:167680729-173251293	5:168314307-172701542	9.26967	4387223	957373	34301
33	5	5:172150015-177895489	5:172701543-176992463	10.5122	4290918	940704	34301
34	5	5:176375843-1000000000	5:176992464-1000000000	9.19765	4485529	982194	37117
