0	1	1:1-11260928	1:1-10260949	21.7737	10249915	63301	63301
1	1	1:9260941-21848075	1:10260950-20790583	22.844	10529595	63301	63301
2	1	1:19790568-38584749	1:20790584-37584948	20.001	16794085	83762	83762
3	1	1:36585077-59164140	1:37584949-58164021	20.0011	20578804	102320	102320
4	1	1:57163872-77605540	1:58164022-76605450	20.0004	18441421	95420	95420
5	1	1:75102467-97725067	1:76605451-96129863	20	19524328	102298	102298
6	1	1:95129908-115924308	1:96129864-114851791	20.0015	18721829	101054	101054
7	1	1:113822100-155668700	1:114851792-154668365	20.0005	39816406	73493	73493
8	1	1:153328625-169178572	1:154668366-168178392	20.0009	13509857	75473	75473
9	1	1:167178161-192552969	1:168178393-191093878	20.0013	22915401	122938	122938
10	1	1:188766072-209809320	1:191093879-208809389	20.0042	17715334	90633	90633
11	1	1:207809058-229156998	1:208809390-228083173	20	19273651	105052	105052
12	1	1:226307579-239597345	1:228083174-238597291	20.2314	10514087	63301	63301
13	1	1:237597292-1000000000	1:238597292-1000000000	21.4315	10643236	69423	69423
