0	4	4:1-11334837	4:1-10334820	25.8662	10324565	81101	81101
1	4	4:9177282-26810957	4:10334821-25810526	20.0028	15475636	93937	93937
2	4	4:24810496-42637522	4:25810527-41637534	20.003	15826904	96907	96907
3	4	4:40637508-72470436	4:41637535-71470420	20.0005	29832849	161961	161961
4	4	4:69741025-94235081	4:71470421-92124622	20.0001	20654136	113116	113116
5	4	4:90548703-117559702	4:92124623-115665694	20.0033	23540862	125017	125017
6	4	4:114663071-141834561	4:115665695-140834519	20.0099	25168673	144091	144091
7	4	4:139834504-163324468	4:140834520-162276693	20.0007	21442127	113175	113175
8	4	4:161276540-179759920	4:162276694-178759940	20.0009	16483154	100753	100753
9	4	4:177759820-1000000000	4:178759941-1000000000	28.7915	12283884	88441	88441
