0	5	5:1-9647624	5:1-8647344	20.0002	8637063	62225	62225
1	5	5:7647489-26122142	5:8647345-24847752	20.0004	16200154	94293	94293
2	5	5:23847593-50162186	5:24847753-41433088	20.0013	16585271	99553	99553
3	5	5:39455738-72660785	5:41433089-71660675	20.0002	30227388	130612	130612
4	5	5:70660386-90795803	5:71660676-89367183	20	17706318	89543	89543
5	5	5:87779350-116975966	5:89367184-115976022	20.0114	26608754	148206	148206
6	5	5:114975951-139235960	5:115976023-136944014	20.0029	20967820	117163	117163
7	5	5:135352495-155451305	5:136944015-154378525	20	17434254	87925	87925
8	5	5:153083269-170819046	5:154378526-169819007	20.0094	15440335	83592	83592
9	5	5:168819006-1000000000	5:169819008-1000000000	24.2689	11085681	65202	65202
