0	3	3:1-9397876	3:1-8397535	20.9088	8337244	66101	66101
1	3	3:7397549-23071446	3:8397536-22071342	20.0005	13673663	79619	79619
2	3	3:21071214-39355906	3:22071343-38355665	20.0014	16284224	95363	95363
3	3	3:36832371-62993739	3:38355666-61993472	20.0003	23637736	115499	115499
4	3	3:60992932-75032610	3:61993473-74032487	20.0016	12038983	71199	71199
5	3	3:73032241-112354837	3:74032488-111330772	20.0001	37298205	187377	187377
6	3	3:109996447-131706532	3:111330773-130500521	20.0065	19169670	102952	102952
7	3	3:129087506-150530065	3:130500522-149488226	20.0001	18987679	102063	102063
8	3	3:148487913-174017168	3:149488227-173017171	20.0061	23528903	128622	128622
9	3	3:172017149-188123154	3:173017172-187123088	20.0001	14105881	74375	74375
10	3	3:186123028-1000000000	3:187123089-1000000000	22.5294	10839284	71681	71681
