0	2	2:1-3278436	2:1-2778284	4.60162	2767790	20001	20001
1	2	2:2277024-6380948	2:2778285-5849658	11.5333	3071130	20001	20001
2	2	2:5349521-9769108	2:5849659-9162307	7.6865	3312511	20001	20001
3	2	2:8638436-12726424	2:9162308-12204525	8.06379	3041970	20001	20001
4	2	2:11704447-16220841	2:12204526-15720933	4.00834	3516115	21147	21147
5	2	2:14662839-20060401	2:15720934-19246901	5.62111	3525771	20001	20001
6	2	2:18498463-23476896	2:19246902-22976775	4.66259	3729693	20001	20001
7	2	2:21578011-28792335	2:22976776-27466691	4.01328	4489451	20001	20001
8	2	2:26170942-31656213	2:27466692-31156021	5.08403	3689006	20001	20001
9	2	2:30577547-35610115	2:31156022-34499128	4.00187	3343074	21135	21135
10	2	2:33979881-38319496	2:34499129-37819402	4.02055	3320241	23031	23031
11	2	2:36998994-42307298	2:37819403-41485174	4.00003	3665550	23105	23105
12	2	2:40497548-45676504	2:41485175-45176228	4.00083	3690799	23641	23641
13	2	2:44102634-49558827	2:45176229-48426391	6.13717	3249904	20001	20001
14	2	2:47550135-53855038	2:48426392-53355077	4.01672	4928396	32051	32051
15	2	2:52042842-59584825	2:53355078-58559711	4.00008	5204420	31736	31736
16	2	2:56501821-65231245	2:58559712-64701938	4.03077	6141934	26636	26636
17	2	2:62636361-69012963	2:64701939-68189188	5.15219	3486805	20001	20001
18	2	2:67673047-72155947	2:68189189-71600769	4.03577	3411125	20001	20001
19	2	2:70939596-76915391	2:71600770-75794586	5.27042	4193627	20001	20001
20	2	2:75294548-80049965	2:75794587-79478923	4.00043	3684237	24072	24072
21	2	2:78356923-85516317	2:79478924-84386566	4.00078	4907536	29048	29048
22	2	2:81620441-89380958	2:84386567-88767032	4.91328	4380138	20001	20001
23	2	2:88152627-103587575	2:88767033-102244186	4.00005	13476867	34666	34666
24	2	2:101213437-107045037	2:102244187-106195141	4.00015	3950906	20080	20080
25	2	2:105695102-111643212	2:106195142-110437055	4.00187	4241777	23524	23524
26	2	2:109627053-116762365	2:110437056-115252186	5.42976	4815043	20001	20001
27	2	2:113999023-121267560	2:115252187-120282020	4.0031	5029828	28958	28958
28	2	2:119636719-125507970	2:120282021-123960217	4.77188	3677928	20001	20001
29	2	2:123005150-129864730	2:123960218-129209664	4.01047	5248961	29869	29869
30	2	2:127927050-133535060	2:129209665-133034741	4.00233	3824851	23110	23110
31	2	2:131788069-137901254	2:133034742-136917342	4.63438	3882584	20001	20001
32	2	2:135158382-142499092	2:136917343-141518763	4	4601406	27665	27665
33	2	2:140078061-147563446	2:141518764-146012439	4.00015	4493562	21843	21843
34	2	2:144672578-152692748	2:146012440-151533926	4.00021	5521228	24625	24625
35	2	2:150825132-158246988	2:151533927-156814782	4.00085	5280627	26457	26457
36	2	2:155211362-163864228	2:156814783-161865816	4.00012	5050867	24736	24736
37	2	2:159708412-168991663	2:161865817-168317927	4.00002	6452001	31293	31293
38	2	2:166534220-172977444	2:168317928-171566284	5.44308	3248242	20001	20001
39	2	2:171066245-176656114	2:171566285-175314037	4.87825	3747602	20001	20001
40	2	2:174481586-180664033	2:175314038-180139876	4.0005	4825703	24308	24308
41	2	2:177973163-186834177	2:180139877-184358395	4.00873	4218438	22307	22307
42	2	2:183153145-192863300	2:184358396-192363340	4.00578	8004894	39832	39832
43	2	2:191513449-198143119	2:192363341-197069386	4.00056	4705881	22077	22077
44	2	2:195528603-205072321	2:197069387-203455510	4.00015	6386002	26381	26381
45	2	2:201982693-208745534	2:203455511-207934058	5.23775	4478406	20001	20001
46	2	2:206802278-213153636	2:207934059-212415491	4.0031	4481277	24539	24539
47	2	2:211871978-216958343	2:212415492-216458313	4.00305	4042661	23359	23359
48	2	2:215590181-220712896	2:216458314-220197458	5.75703	3738965	20001	20001
49	2	2:218866995-224642615	2:220197459-223918001	6.22543	3720491	20001	20001
50	2	2:223169947-228128540	2:223918002-227587504	4.14145	3669480	20001	20001
51	2	2:226811827-231537734	2:227587505-231015394	5.28581	3427865	20001	20001
52	2	2:230367344-234975419	2:231015395-234475266	4.99071	3459821	20001	20001
53	2	2:233874678-237962213	2:234475267-237461341	7.95293	2986039	20001	20001
54	2	2:236952162-240969837	2:237461342-240469851	5.85675	3008465	20001	20001
55	2	2:239953723-1000000000	2:240469852-1000000000	5.34769	2715954	18893	18893
