0	21	21:1-17917666	21:1-17417670	5.78136	8006204	21301	21301
1	21	21:16802554-21087077	21:17417671-20463989	8.79998	3046218	21301	21301
2	21	21:19818751-24740836	21:20463990-23669449	5.76756	3205415	21301	21301
3	21	21:23164751-27812401	21:23669450-27054334	4.00007	3384838	22644	22644
4	21	21:25963843-31549830	21:27054335-30467233	5.53931	3412770	21301	21301
5	21	21:29292208-34714705	21:30467234-34214850	4.72001	3747329	21301	21301
6	21	21:33422289-38711704	21:34214851-38063140	6.48019	3847998	21301	21301
7	21	21:37365435-42140070	21:38063141-41639914	7.21777	3576631	21301	21301
8	21	21:41139716-45653275	21:41639915-44747555	9.27583	3107540	21301	21301
9	21	21:44247527-1000000000	21:44747556-1000000000	5.23668	3372033	22767	22767
