0	5	5:1-3063438	5:1-2563330	5.23087	2553207	20001	20001
1	5	5:2063077-5819945	5:2563331-5319496	8.49917	2756010	20001	20001
2	5	5:4819490-8889799	5:5319497-8356775	5.63405	3036889	20001	20001
3	5	5:7797542-13465401	5:8356776-11584489	7.19934	3227373	20001	20001
4	5	5:11084189-16615179	5:11584490-15789530	4.00184	4204793	24387	24387
5	5	5:14759246-20613832	5:15789531-19174337	5.10353	3384586	20001	20001
6	5	5:18106558-25695968	5:19174338-24647258	4.00012	5472879	31062	31062
7	5	5:23493232-30357144	5:24647259-29022521	4.00417	4375205	26061	26061
8	5	5:27805095-32641791	5:29022522-31983837	4.86684	2961231	20001	20001
9	5	5:31483596-36439449	5:31983838-35367850	5.24436	3383905	20001	20001
10	5	5:34675125-40319589	5:35367851-39008984	4.68361	3641013	20001	20001
11	5	5:38465107-53702552	5:39008985-52663133	4.00474	13653994	57880	57880
12	5	5:51502232-57074790	5:52663134-56312530	4.38739	3649271	20001	20001
13	5	5:55676903-63219954	5:56312531-61198116	4.00086	4885424	24094	24094
14	5	5:59569523-67432406	5:61198117-66653231	4.00022	5454790	26892	26892
15	5	5:66153293-73202897	5:66653232-72538088	5.72169	5884641	20001	20001
16	5	5:71361632-76479792	5:72538089-75960109	5.84016	3421995	20001	20001
17	5	5:75459956-80643220	5:75960110-79678954	5.82608	3718518	20001	20001
18	5	5:79125444-85193071	5:79678955-83817882	4.64093	4138586	20001	20001
19	5	5:83024710-92400628	5:83817883-90615638	4.00014	6797617	31894	31894
20	5	5:89207070-97530372	5:90615639-96478001	4.00281	5862251	24508	24508
21	5	5:95192776-105890976	5:96478002-103581189	4.00214	7103141	42027	42027
22	5	5:102906132-109496911	5:103581190-108634209	4.00556	5052947	28622	28622
23	5	5:107139260-114720620	5:108634210-113251563	4.00037	4617195	28739	28739
24	5	5:111981174-117228610	5:113251564-116432008	4.00073	3180311	21362	21362
25	5	5:115931824-121835488	5:116432009-120967190	4.00096	4535137	30297	30297
26	5	5:119863376-125228288	5:120967191-124531992	4.52061	3564712	20001	20001
27	5	5:123914381-132119157	5:124531993-128730851	4.00078	4198760	24373	24373
28	5	5:126985324-135061332	5:128730852-134561319	4.00139	5830327	27297	27297
29	5	5:133245162-141234492	5:134561320-139694212	4	5132630	20871	20871
30	5	5:137987881-145243865	5:139694213-143744607	5.42963	4050190	20001	20001
31	5	5:142619859-148220228	5:143744608-147435643	4.05043	3690993	20001	20001
32	5	5:146697763-151436643	5:147435644-150893571	5.89622	3457894	20001	20001
33	5	5:150372984-156629368	5:150893572-155372212	4.00133	4478345	24748	24748
34	5	5:154017555-160158210	5:155372213-159392449	4.00206	4019949	21275	21275
35	5	5:158892198-164440490	5:159392450-163505603	4.00043	4112874	22522	22522
36	5	5:162381636-167857533	5:163505604-167356727	5.71663	3850682	20001	20001
37	5	5:166853417-171411005	5:167356728-170910695	7.17453	3553709	20001	20001
38	5	5:170029750-174791599	5:170910696-174291550	8.58681	3380763	20001	20001
39	5	5:173791376-178570631	5:174291551-177976971	7.45341	3685247	20001	20001
40	5	5:177476428-1000000000	5:177976972-1000000000	6.49286	2927551	19382	19382
