0	12	12:1-3818115	12:1-3318120	7.40451	3256721	20001	20001
1	12	12:2817942-7167857	12:3318121-6609866	9.61899	3291636	20001	20001
2	12	12:6109962-10481370	12:6609867-9896733	5.3811	3286671	20001	20001
3	12	12:8775189-13498303	12:9896734-12998038	6.45119	3101209	20001	20001
4	12	12:12497957-17392570	12:12998039-16682330	5.19645	3684246	20001	20001
5	12	12:16136782-21021655	12:16682331-20521720	4.00012	3839278	21227	21227
6	12	12:20021778-24548725	12:20521721-24048262	5.00475	3526389	20001	20001
7	12	12:23548213-28130810	12:24048263-27463138	5.05348	3414767	20001	20001
8	12	12:26438801-31516511	12:27463139-30948823	4.00071	3485660	21949	21949
9	12	12:29905089-42284818	12:30948824-40632099	4.00075	9683275	50959	50959
10	12	12:33334311-47685585	12:40632100-46513712	4.00193	5881588	34895	34895
11	12	12:44990380-51947548	12:46513713-50532944	4.00003	4018724	20565	20565
12	12	12:49612347-54952742	12:50532945-54440255	4.68129	3906735	20001	20001
13	12	12:53481736-59473971	12:54440256-58642704	4.09068	4202161	20001	20001
14	12	12:56981731-64948056	12:58642705-63910817	4.00134	5267765	29917	29917
15	12	12:63114782-68513064	12:63910818-67960481	5.12886	4049432	20001	20001
16	12	12:67262634-72608138	12:67960482-71560607	4.99782	3599965	20001	20001
17	12	12:70892138-76902654	12:71560608-76402716	4.00076	4841884	25364	25364
18	12	12:75902684-81132920	12:76402717-80395113	5.42315	3992080	20001	20001
19	12	12:79057291-88169055	12:80395114-85234182	4.00649	4838876	25852	25852
20	12	12:83501801-92703588	12:85234183-92066236	4.03036	6831952	30923	30923
21	12	12:90724620-96191113	12:92066237-95691031	6.47115	3624679	20001	20001
22	12	12:95010807-100012180	12:95691032-99273848	5.05296	3582655	20001	20001
23	12	12:98216737-104054434	12:99273849-103172315	4.23682	3898234	20001	20001
24	12	12:102081104-107848067	12:103172316-106607112	4.84122	3434628	20001	20001
25	12	12:106098403-113348512	12:106607113-111337863	4.00004	4730662	22515	22515
26	12	12:109527169-115890490	12:111337864-115390451	4.99033	4052539	20001	20001
27	12	12:114890347-119526742	12:115390452-118904260	7.33455	3513775	20001	20001
28	12	12:118311103-124251303	12:118904261-122610152	4.62526	3705855	20001	20001
29	12	12:121810232-126682999	12:122610153-126182982	5.56682	3572790	20001	20001
30	12	12:125682931-129374221	12:126182983-128874122	8.69695	2691103	20001	20001
31	12	12:128373972-131937302	12:128874123-131437299	10.2338	2563109	20001	20001
32	12	12:130937304-1000000000	12:131437300-1000000000	4.2061	2404265	15785	15785
