0	1	1:1-3995287	1:1-3473729	7.74074	3462625	20001	20001
1	1	1:2973576-7171101	1:3473730-6184926	7.93399	2711095	20001	20001
2	1	1:5684866-10767035	1:6184927-9613889	5.55011	3428938	20001	20001
3	1	1:9113767-13891044	1:9613890-12952965	6.0044	3339057	20001	20001
4	1	1:12452627-17431618	1:12952966-16550797	7.49454	3597750	20001	20001
5	1	1:15686242-20205336	1:16550798-19705007	7.37714	3153888	20001	20001
6	1	1:19176941-24004673	1:19705008-23130025	5.40805	3424761	20001	20001
7	1	1:22621242-29181363	1:23130026-27366209	4.58313	4236129	20001	20001
8	1	1:25909805-32931468	1:27366210-31358892	4.97633	3991519	20001	20001
9	1	1:30860015-37021898	1:31358893-35376027	4.92849	4015670	20001	20001
10	1	1:34876359-40448512	1:35376028-39462584	5.85746	4086206	20001	20001
11	1	1:38951486-44991601	1:39462585-43700494	4.00024	4237867	21612	21612
12	1	1:42294638-52277105	1:43700495-49068901	4.00219	5368372	26164	26164
13	1	1:48098923-55516835	1:49068902-55016922	4.0015	5947926	25757	25757
14	1	1:54516601-58913536	1:55016923-58312591	4.96575	3295478	20001	20001
15	1	1:57585980-62550230	1:58312592-62050221	5.31001	3737519	20001	20001
16	1	1:61549616-66884210	1:62050222-65745664	6.02457	3695427	20001	20001
17	1	1:65040815-70944489	1:65745665-69549887	4.06699	3804177	20001	20001
18	1	1:68568374-76975019	1:69549888-75995185	4.00105	6445254	30838	30838
19	1	1:74710464-81609003	1:75995186-80877110	4.00259	4881891	27434	27434
20	1	1:79473375-85209200	1:80877111-84217616	4.02414	3340342	20001	20001
21	1	1:83060320-88523399	1:84217617-88022714	4.14243	3804907	20001	20001
22	1	1:87522634-94166499	1:88022715-92098343	4.89926	4075537	20001	20001
23	1	1:91176394-98489735	1:92098344-97462971	4.00093	5364537	25198	25198
24	1	1:95740660-102345849	1:97462972-101845849	4.00039	4382820	21921	21921
25	1	1:100764108-107729340	1:101845850-106692613	4.00041	4846738	30109	30109
26	1	1:105296932-111126388	1:106692614-110625548	5.28445	3932876	20001	20001
27	1	1:110125385-114941013	1:110625549-114440776	5.1684	3815181	20001	20001
28	1	1:113041556-120090398	1:114440777-118219292	5.02318	3778230	20001	20001
29	1	1:117499303-146517237	1:118219293-145442555	6.0255	27222696	20001	20001
30	1	1:144836012-153266256	1:145442556-151781971	7.75391	6339005	20001	20001
31	1	1:149786851-157108469	1:151781972-156608318	4.0032	4826152	23011	23011
32	1	1:154819474-160287578	1:156608319-159787568	4.6449	3179148	20001	20001
33	1	1:158942461-164248645	1:159787569-163360224	5.42036	3572615	20001	20001
34	1	1:162698672-167463906	1:163360225-166657502	5.33791	3297220	20001	20001
35	1	1:165803651-171222666	1:166657503-170082810	5.31725	3425247	20001	20001
36	1	1:168996391-176436754	1:170082811-175528325	4.00545	5445386	27329	27329
37	1	1:173370650-181115087	1:175528326-180178465	4.00012	4650009	23152	23152
38	1	1:178661306-185430494	1:180178466-183947113	4.30667	3768503	20001	20001
39	1	1:182755356-191058481	1:183947114-188765122	4.00031	4817817	26214	26214
40	1	1:187706119-197310747	1:188765123-195568952	4.0013	6803570	37905	37905
41	1	1:193701950-201518004	1:195568953-201018183	4.00003	5448758	27927	27927
42	1	1:200134764-205380335	1:201018184-204699472	6.8963	3681001	20001	20001
43	1	1:204111037-209653473	1:204699473-208903719	6.30872	4204070	20001	20001
44	1	1:208403682-213586870	1:208903720-212531173	4.0713	3627274	20001	20001
45	1	1:211080189-217054551	1:212531174-216268572	4.84212	3737362	20001	20001
46	1	1:215768033-221051497	1:216268573-219841671	4.52798	3572984	20001	20001
47	1	1:218812829-225959519	1:219841672-224182537	4.00063	4340743	23416	23416
48	1	1:223139152-230328810	1:224182538-229532626	4.00211	5349925	29197	29197
49	1	1:229032338-233626645	1:229532627-232964719	5.55724	3431937	20001	20001
50	1	1:232464627-236900848	1:232964720-236400811	7.65106	3435940	20001	20001
51	1	1:235777488-239926191	1:236400812-239279075	6.42673	2878110	20001	20001
52	1	1:238649649-242886468	1:239279076-242386377	8.13696	3107223	20001	20001
53	1	1:241886430-246358079	1:242386378-245813622	8.19748	3427129	20001	20001
54	1	1:245313131-1000000000	1:245813623-1000000000	4.04575	3426854	24547	24547
