0	10	10:1-3489813	10:1-2989483	4.81421	2928963	20401	20401
1	10	10:2489486-6142006	10:2989484-5641960	7.11313	2652446	20401	20401
2	10	10:5141918-8936908	10:5641961-8436840	7.70729	2794841	20401	20401
3	10	10:7935761-12384611	10:8436841-11831112	6.18974	3394235	20401	20401
4	10	10:11311387-15151348	10:11831113-14651033	7.28045	2819903	20401	20401
5	10	10:14137678-18349725	10:14651034-17557051	5.52615	2905940	20401	20401
6	10	10:16908152-21515516	10:17557052-20822158	4.00005	3265002	20762	20762
7	10	10:19993563-25245188	10:20822159-24694812	4.01691	3872512	21026	21026
8	10	10:24194803-28999033	10:24694813-27787205	4.11087	3092217	20401	20401
9	10	10:26803477-31872198	10:27787206-30833889	5.45464	3046605	20401	20401
10	10	10:30302174-36205177	10:30833890-34518980	4.00019	3685078	22570	22570
11	10	10:34018730-47052910	10:34518981-45715415	4.00041	11196376	50138	50138
12	10	10:44114671-53078657	10:45715416-51752965	9.50097	6037437	20401	20401
13	10	10:50922866-56301326	10:51752966-55236773	4.94944	3483697	20401	20401
14	10	10:54694883-61113973	10:55236774-60371444	4.00018	5134567	33914	33914
15	10	10:59156534-65891602	10:60371445-64310341	4.11395	3938765	20401	20401
16	10	10:63177991-71002637	10:64310342-69570609	4.00008	5260111	31913	31913
17	10	10:68319938-73349665	10:69570610-72849620	5.51447	3278848	20401	20401
18	10	10:72332050-78739630	10:72849621-77915833	4	5065941	22240	22240
19	10	10:76983614-82426392	10:77915834-81512824	5.81302	3596792	20401	20401
20	10	10:80901024-85787271	10:81512825-84857034	4.07217	3344117	20401	20401
21	10	10:83875895-89967162	10:84857035-89115241	4.00014	4258084	26036	26036
22	10	10:87937613-94634237	10:89115242-93019133	5.1077	3903664	20401	20401
23	10	10:92227419-98789780	10:93019134-97990064	4.00758	4970704	24100	24100
24	10	10:96753908-102790799	10:97990065-102102107	4.37054	4111981	20401	20401
25	10	10:100372079-108798137	10:102102108-107995786	4.00498	5893591	25444	25444
26	10	10:106335058-113874721	10:107995787-112604998	4.01245	4609131	27249	27249
27	10	10:111937255-117940982	10:112604999-116385825	6.08057	3780805	20401	20401
28	10	10:115885496-120901175	10:116385826-120194922	5.62523	3809090	20401	20401
29	10	10:119614883-124015629	10:120194923-123515600	5.74539	3320653	20401	20401
30	10	10:123015298-127376145	10:123515601-126794904	7.31635	3279241	20401	20401
31	10	10:126156438-130550814	10:126794905-130050694	7.31839	3255565	20401	20401
32	10	10:129550818-133457343	10:130050695-132956354	8.41968	2905455	20401	20401
33	10	10:132456354-1000000000	10:132956355-1000000000	4.96356	2567997	18560	18560
