0	18	18:1-3555078	18:1-3054839	7.98653	3044164	20001	20001
1	18	18:2554836-6607182	18:3054840-6107101	10.105	3052186	20001	20001
2	18	18:5606467-9762049	18:6107102-9156446	9.51658	3049215	20001	20001
3	18	18:8656528-13283620	18:9156447-12052269	8.70184	2895665	20001	20001
4	18	18:11552196-20137968	18:12052270-19485678	4.00277	7433264	25363	25363
5	18	18:14356669-24281625	18:19485679-23427229	4.64351	3941450	20001	20001
6	18	18:22749550-28562333	18:23427230-27352132	4.00339	3924738	20001	20001
7	18	18:25792261-33192600	18:27352133-32072981	4.00043	4720447	23852	23852
8	18	18:30259843-38845471	18:32072982-37684538	4.02119	5611149	26891	26891
9	18	18:35837704-43893064	18:37684539-42971673	4.01658	5286986	26581	26581
10	18	18:41967501-47504963	18:42971674-46517897	5.71339	3546218	20001	20001
11	18	18:46017869-51276328	18:46517898-49955385	4.03973	3437412	20001	20001
12	18	18:49044221-55913654	18:49955386-55413660	4.00005	5457978	29026	29026
13	18	18:54594202-59192808	18:55413661-58491881	6.02322	3077926	20001	20001
14	18	18:57563676-63032180	18:58491882-62138079	5.91177	3646067	20001	20001
15	18	18:61637974-66319595	18:62138080-65819587	4.00233	3681440	23868	23868
16	18	18:65108478-69619992	18:65819588-69109002	5.82607	3289384	20001	20001
17	18	18:68187456-72475878	18:69109003-71975801	7.0885	2866701	20001	20001
18	18	18:71475536-75502550	18:71975802-75002217	7.61529	3026321	20001	20001
19	18	18:74502096-1000000000	18:75002218-1000000000	6.45691	3014893	22084	22084
