0	19	19:1-3324701	19:1-2824395	9.46364	2754393	20201	20201
1	19	19:2324384-6453796	19:2824396-5851826	9.22967	3027388	20201	20201
2	19	19:5351734-9278629	19:5851827-8778626	8.8917	2926665	20201	20201
3	19	19:8278615-13297962	19:8778627-12242730	5.16941	3463993	20201	20201
4	19	19:11444131-16373524	19:12242731-15782262	6.59233	3539518	20201	20201
5	19	19:15187946-20617092	19:15782263-19151243	6.7931	3368968	20201	20201
6	19	19:18503019-30113381	19:19151244-29389196	4.00089	10237940	49771	49771
7	19	19:23480008-33726577	19:29389197-32881933	5.25325	3492638	20201	20201
8	19	19:32144393-38696127	19:32881934-36356279	6.49244	3474185	20201	20201
9	19	19:35853485-41691445	19:36356280-41000587	4.00077	4644104	24546	24546
10	19	19:40273866-45235202	19:41000588-44627317	4.00008	3626561	22155	22155
11	19	19:43958252-48740487	19:44627318-48240510	6.78467	3613128	20201	20201
12	19	19:47552574-51823504	19:48240511-51323369	7.14269	3082825	20201	20201
13	19	19:50823174-54385820	19:51323370-53885589	8.4622	2562134	20201	20201
14	19	19:53385591-56665891	19:53885590-56165788	9.15557	2279988	20201	20201
15	19	19:55665689-1000000000	19:56165789-1000000000	6.3359	2952862	18893	18893
