0	9	9:1-2695548	9:1-2195503	6.63714	2184995	20001	20001
1	9	9:1695349-5524353	9:2195504-4782174	6.82302	2586399	20001	20001
2	9	9:4282334-8154940	9:4782175-7654856	4.15973	2872434	20001	20001
3	9	9:7154496-10704224	9:7654857-10204203	5.96843	2549286	20001	20001
4	9	9:9703994-13607506	9:10204204-13060649	4.00001	2856366	22895	22895
5	9	9:12560591-16590711	9:13060650-16089824	6.30479	3029062	20001	20001
6	9	9:15086083-19457889	9:16089825-18806427	4.57564	2716452	20001	20001
7	9	9:18270486-22912231	9:18806428-22012140	4.51271	3205551	20001	20001
8	9	9:21151143-25690778	9:22012141-25184286	4.79341	3171914	20001	20001
9	9	9:24658725-28792143	9:25184287-28236712	5.68152	3052265	20001	20001
10	9	9:27716712-33546032	9:28236713-32739550	4.00203	4502772	31231	31231
11	9	9:32109266-38287031	9:32739551-37413449	4.00848	4673814	22565	22565
12	9	9:36741918-71285573	9:37413450-70484957	4.28048	33071459	24627	24627
13	9	9:69076098-76636641	9:70484958-74786095	4.42287	4301010	20001	20001
14	9	9:74086824-79228042	9:74786096-78727980	4.63342	3941769	20001	20001
15	9	9:78227925-82890843	9:78727981-82092242	5.86233	3364246	20001	20001
16	9	9:81510996-86299402	9:82092243-85799242	4.35971	3706956	20001	20001
17	9	9:84897843-90021562	9:85799243-89342593	4.99599	3543192	20001	20001
18	9	9:88722095-93443422	9:89342594-92733505	5.24886	3390768	20001	20001
19	9	9:92209587-98411434	9:92733506-96678128	4.00062	3944559	21668	21668
20	9	9:95797206-103143203	9:96678129-101593838	4.03304	4915647	26139	26139
21	9	9:101021993-107583417	9:101593839-106491117	4.01145	4897264	27065	27065
22	9	9:105169450-110468185	9:106491118-109967955	4.00002	3476727	20437	20437
23	9	9:109156100-113876977	9:109967956-113146849	6.08543	3178703	20001	20001
24	9	9:112630438-117242498	9:113146850-116742203	5.13921	3595261	20001	20001
25	9	9:116241937-121341829	9:116742204-120301364	5.48562	3559126	20001	20001
26	9	9:119544499-124960615	9:120301365-124358751	4.67873	4057363	20001	20001
27	9	9:122767607-129232244	9:124358752-128475553	4.56316	4116628	20001	20001
28	9	9:126964034-132895783	9:128475554-132351416	5.12639	3875665	20001	20001
29	9	9:131850997-136481920	9:132351417-135981982	7.92915	3630437	20001	20001
30	9	9:135383455-139008782	9:135981983-138508908	10.6478	2526668	20001	20001
31	9	9:138008555-1000000000	9:138508909-1000000000	5.41971	2637623	15493	15493
