0	3	3:1-2945216	3:1-2445372	4.38541	2384950	20001	20001
1	3	3:1945565-5513486	3:2445373-5013253	8.33887	2567641	20001	20001
2	3	3:4512931-8176182	3:5013254-7549596	6.6561	2536284	20001	20001
3	3	3:7049634-11237539	3:7549597-10737607	6.74331	3187444	20001	20001
4	3	3:10238124-14659665	3:10737608-14159797	5.58514	3421451	20001	20001
5	3	3:13528376-18929856	3:14159798-17745482	4.48938	3585468	20001	20001
6	3	3:16513743-22284098	3:17745483-21784008	4.00083	4038522	22797	22797
7	3	3:20957097-25198473	3:21784009-24650164	4.37648	2866082	20001	20001
8	3	3:24149658-28682296	3:24650165-27837718	4.1331	3187431	20001	20001
9	3	3:26877647-31852002	3:27837719-31087297	5.35847	3249496	20001	20001
10	3	3:30485366-36148763	3:31087298-34719733	4.09174	3632314	20001	20001
11	3	3:33060360-40914588	3:34719734-39602310	4.02369	4882446	25261	25261
12	3	3:38622868-45817328	3:39602311-44218463	4.00053	4615976	23928	23928
13	3	3:43227039-54671746	3:44218464-54171758	4.00708	9953145	38272	38272
14	3	3:53598512-59092092	3:54171759-57735098	4.12239	3563050	20001	20001
15	3	3:56019151-61685531	3:57735099-60969895	5.25816	3234408	20001	20001
16	3	3:60469734-64820149	3:60969896-64320239	5.52509	3350029	20001	20001
17	3	3:63531852-68194755	3:64320240-67358401	4.97458	3037891	20001	20001
18	3	3:66700086-71632743	3:67358402-70805943	4.00018	3447061	20025	20025
19	3	3:69791192-75706970	3:70805944-74456790	7.74429	3650370	20001	20001
20	3	3:73956794-82021850	3:74456791-79025570	4.00337	4568713	25700	25700
21	3	3:77507524-98488994	3:79025571-96331804	4.00751	17306232	75737	75737
22	3	3:88796263-104355010	3:96331805-103163403	4.00027	6831542	37843	37843
23	3	3:101911058-108457367	3:103163404-107047195	4.00014	3883702	23298	23298
24	3	3:106239900-113316607	3:107047196-112320483	4.0002	5273205	28174	28174
25	3	3:111259021-116879279	3:112320484-116379230	4.82065	4058631	20001	20001
26	3	3:115545489-121287794	3:116379231-120225078	4.00047	3845634	20933	20933
27	3	3:118948716-124869301	3:120225079-124322452	4.20779	4097167	20001	20001
28	3	3:123198574-129085121	3:124322453-127609228	4.00613	3286601	20519	20519
29	3	3:126938333-133382033	3:127609229-132881895	4.01241	5272544	29538	29538
30	3	3:131682653-138576225	3:132881896-136964229	4.16164	4082323	20001	20001
31	3	3:134954848-141887486	3:136964230-141022623	4.00185	4058377	20031	20031
32	3	3:140277734-145759963	3:141022624-144810806	4.00003	3788144	20742	20742
33	3	3:143492578-149141545	3:144810807-148554299	4.03174	3743431	21787	21787
34	3	3:147794002-153407913	3:148554300-152349366	5.00992	3794910	20001	20001
35	3	3:151079579-159149675	3:152349367-157142033	4.0011	4792536	26627	26627
36	3	3:155956866-167647185	3:157142034-165865808	4.00017	8723719	48981	48981
37	3	3:163236170-171131217	3:165865809-170533170	4.00098	4667169	25305	25305
38	3	3:169317113-174850165	3:170533171-174255517	6.42345	3722090	20001	20001
39	3	3:173412175-178972576	3:174255518-177529888	5.49562	3274238	20001	20001
40	3	3:176972440-183031453	3:177529889-182255988	4.00031	4725996	21670	21670
41	3	3:181536088-186693834	3:182255989-186193675	6.54195	3937554	20001	20001
42	3	3:185693581-190226726	3:186193676-189564932	8.75552	3371076	20001	20001
43	3	3:189065057-193008043	3:189564933-192362623	5.20247	2797528	20001	20001
44	3	3:191862638-195866289	3:192362624-195239835	6.71156	2877044	20001	20001
45	3	3:194575904-1000000000	3:195239836-1000000000	4.2074	2722410	17658	17658
