0	17	17:1-3438632	17:1-2910225	8.25976	2909330	20001	20001
1	17	17:2410274-6414271	17:2910226-5913933	6.09216	3003602	20001	20001
2	17	17:5413880-9801316	17:5913934-9301284	8.17273	3387273	20001	20001
3	17	17:8801320-13037232	17:9301285-12537181	9.30515	3235790	20001	20001
4	17	17:12037088-15855308	17:12537182-15224979	8.51547	2687705	20001	20001
5	17	17:14724944-21158421	17:15224980-19384964	4.29731	4159958	20001	20001
6	17	17:18285667-30820850	17:19384965-29789910	4.02036	10404938	32728	32728
7	17	17:27338352-34289608	17:29789911-33496692	6.94712	3706713	20001	20001
8	17	17:32837626-39228897	17:33496693-37767017	7.10913	4270159	20001	20001
9	17	17:36797146-44901854	17:37767018-43060310	4.00022	5293136	24669	24669
10	17	17:41775043-48624045	17:43060311-48124039	4.01667	5063565	22840	22840
11	17	17:47561846-53216741	17:48124040-51960428	4.17339	3836154	20001	20001
12	17	17:50185730-56244958	17:51960429-55744760	6.59351	3784196	20001	20001
13	17	17:55244237-62209414	17:55744761-60793492	4.24003	5048714	20001	20001
14	17	17:59551137-65274926	17:60793493-64774776	4.79372	3981274	20001	20001
15	17	17:63614772-69244084	17:64774777-68540159	6.23792	3765277	20001	20001
16	17	17:67959533-72314149	17:68540160-71813965	8.05591	3273645	20001	20001
17	17	17:71313570-75536261	17:71813966-75036269	6.67233	3222229	20001	20001
18	17	17:74536033-78373464	17:75036270-77873222	11.4358	2836934	20001	20001
19	17	17:77373153-1000000000	17:77873223-1000000000	5.76903	3317098	22578	22578
