0	7	7:1-3169416	7:1-2669478	4.24533	2654604	21901	21901
1	7	7:1791978-5698874	7:2669479-5198697	4.98259	2529130	21901	21901
2	7	7:4698423-8555696	7:5198698-8055796	5.70516	2856943	21901	21901
3	7	7:7555860-11548316	7:8055797-10782951	5.60611	2727016	21901	21901
4	7	7:9835512-14177303	7:10782952-13677241	4.00146	2894258	22986	22986
5	7	7:12918169-17530583	7:13677242-16828943	6.0765	3151617	21901	21901
6	7	7:16328729-20748700	7:16828944-20245827	5.13892	3416790	21901	21901
7	7	7:19416761-24587380	7:20245828-23729259	5.46456	3483089	21901	21901
8	7	7:22700539-28407123	7:23729260-27544364	4.67126	3814762	21901	21901
9	7	7:26541021-32134862	7:27544365-31533394	6.73314	3988935	21901	21901
10	7	7:31005514-36214678	7:31533395-35351719	4.21147	3818109	21901	21901
11	7	7:34142830-40926896	7:35351720-39086447	5.89883	3734499	21901	21901
12	7	7:38419878-44581150	7:39086448-43380651	4.8519	4294092	21901	21901
13	7	7:42496091-47924474	7:43380652-47424568	4.24585	4043775	21901	21901
14	7	7:46706331-52094417	7:47424569-51096871	4.00647	3672158	22310	22310
15	7	7:50256021-57523612	7:51096872-55664439	4.00001	4567379	33893	33893
16	7	7:54906161-70152464	7:55664440-68567306	4.00123	12902634	62154	62154
17	7	7:67810804-73992743	7:68567307-73333823	4.01911	4766357	22156	22156
18	7	7:71869727-78744729	7:73333824-78176991	6.29035	4843088	21901	21901
19	7	7:77676735-82485299	7:78176992-81985175	4.99687	3808168	21901	21901
20	7	7:81043532-89108875	7:81985176-87825265	4.00809	5839990	31821	31821
21	7	7:85521351-93530041	7:87825266-92692625	4.00036	4867119	24499	24499
22	7	7:91265236-98157619	7:92692626-97260663	4.70649	4567797	21901	21901
23	7	7:96573844-103466418	7:97260664-102086363	4.00178	4825594	24878	24878
24	7	7:101141971-106537672	7:102086364-106037444	4.22141	3950998	21901	21901
25	7	7:105537448-111591771	7:106037445-109962989	4.6597	3925350	21901	21901
26	7	7:108745980-116877042	7:109962990-115512731	4.01071	5549541	25339	25339
27	7	7:113721788-125385824	7:115512732-122993777	4.00316	7480958	33943	33943
28	7	7:121226224-130587251	7:122993778-129622362	4.00012	6628399	34944	34944
29	7	7:128431295-135218966	7:129622363-134123808	5.38144	4501253	21901	21901
30	7	7:132181422-138673233	7:134123809-138173394	5.19679	4049363	21901	21901
31	7	7:137673577-143276134	7:138173395-142248553	6.91522	4074944	21901	21901
32	7	7:141691514-147316714	7:142248554-146681082	4.00323	4432394	23072	23072
33	7	7:145719574-150486649	7:146681083-149850978	5.5936	3169701	21901	21901
34	7	7:149351050-153564166	7:149850979-153064224	8.09351	3213099	21901	21901
35	7	7:152564099-156543569	7:153064225-156043603	10.1463	2979269	21901	21901
36	7	7:155542808-1000000000	7:156043604-1000000000	5.09877	3084927	24099	24099
