0	15	15:1-25257585	15:1-24757564	21.8632	4757452	20001	20001
1	15	15:24026111-28178789	15:24757565-27678777	8.66337	2921054	20001	20001
2	15	15:27178475-32552789	15:27678778-31756998	6.27833	4078065	20001	20001
3	15	15:30817561-36044091	15:31756999-35141036	9.2163	3383913	20001	20001
4	15	15:34641079-39453970	15:35141037-38953876	5.84145	3812708	20001	20001
5	15	15:38167710-45416855	15:38953877-42573411	4.74722	3619408	20001	20001
6	15	15:41130313-49238084	15:42573412-48210205	4.0013	5636593	26845	26845
7	15	15:47198362-54348889	15:48210206-53664640	4.00245	5454264	28349	28349
8	15	15:52996446-58263600	15:53664641-57763633	4.00964	4098801	26563	26563
9	15	15:56786498-61452749	15:57763634-60952899	5.34807	3188891	20001	20001
10	15	15:60196454-66358983	15:60952900-64486779	5.67406	3533673	20001	20001
11	15	15:63297719-69143655	15:64486780-68643480	4.0274	4156659	20145	20145
12	15	15:67372561-74455964	15:68643481-72528156	6.56352	3884614	20001	20001
13	15	15:71775917-79810707	15:72528157-79310272	4.00021	6782079	31773	31773
14	15	15:78611778-85962064	15:79310273-83476543	5.63678	4166254	20001	20001
15	15	15:81673418-88870812	15:83476544-88253382	4.0002	4776758	26340	26340
16	15	15:87459566-91904853	15:88253383-91404740	6.10204	3151243	20001	20001
17	15	15:90709545-94664691	15:91404741-94164771	8.64251	2759871	20001	20001
18	15	15:93664857-98071787	15:94164772-97571163	9.47871	3406268	20001	20001
19	15	15:97070420-101014131	15:97571164-100514103	7.80063	2942933	20001	20001
20	15	15:99992103-1000000000	15:100514104-1000000000	5.96567	2006948	15562	15562
