0	4	4:1-4129755	4:1-3629655	4.00008	3619390	21756	21756
1	4	4:3129552-6308134	4:3629656-5808073	7.93068	2178355	20101	20101
2	4	4:5308044-8784101	4:5808074-8284314	10.3696	2475961	20101	20101
3	4	4:7784540-11448269	4:8284315-10872081	4.00134	2587452	22408	22408
4	4	4:9273679-14735693	4:10872082-14005254	4.10537	3132864	20101	20101
5	4	4:13505102-18780477	4:14005255-17420148	5.133	3414610	20101	20101
6	4	4:16816256-22939589	4:17420149-21989119	4.00005	4568792	27533	27533
7	4	4:21191777-25895162	4:21989120-25395124	4.84748	3405812	20101	20101
8	4	4:24803948-29739819	4:25395125-28798853	5.50319	3403649	20101	20101
9	4	4:27619095-33221757	4:28798854-32322076	4.01821	3523194	22236	22236
10	4	4:31389404-37588962	4:32322077-36676103	4.00642	4353971	26393	26393
11	4	4:35654837-40429753	4:36676104-39793150	4.35213	3116778	20101	20101
12	4	4:38888841-45346222	4:39793151-43153196	5.23903	3359800	20101	20101
13	4	4:42185682-55823815	4:43153197-55215067	4.00001	12061837	45458	45458
14	4	4:54564072-59812308	4:55215068-58416779	5.37499	3201666	20101	20101
15	4	4:57649365-65023118	4:58416780-63519023	4	5102079	34440	34440
16	4	4:62225875-71472560	4:63519024-69782172	4.00023	6262959	40117	40117
17	4	4:67912108-76284565	4:69782173-75554202	4	5771664	34606	34606
18	4	4:73852314-80322769	4:75554203-79092581	4.01382	3538030	20465	20465
19	4	4:78174449-84139689	4:79092582-83373602	4.00318	4280922	22523	22523
20	4	4:82565783-88959381	4:83373603-87088562	4.7155	3714818	20101	20101
21	4	4:86289106-93560185	4:87088563-91752795	4.00033	4664055	25666	25666
22	4	4:90317497-97937224	4:91752796-96567853	4.00014	4814915	26041	26041
23	4	4:96067630-103699778	4:96567854-102451074	4.00008	5883129	32820	32820
24	4	4:101206467-109372293	4:102451075-108307448	4	5856265	29616	29616
25	4	4:106671213-113615761	4:108307449-112132314	4.37067	3824725	20101	20101
26	4	4:111407832-118043203	4:112132315-115886681	4.18391	3754145	20101	20101
27	4	4:114866838-123778273	4:115886682-122455797	4.00491	6568756	39238	39238
28	4	4:121482233-129541374	4:122455798-127273977	4.00166	4817909	27598	27598
29	4	4:126424105-134572787	4:127273978-133303098	4.00006	6028986	33403	33403
30	4	4:131508792-139233408	4:133303099-138167743	4.00667	4864481	27516	27516
31	4	4:137536808-142809809	4:138167744-141867279	5.19917	3699452	20101	20101
32	4	4:141049184-148698365	4:141867280-147021693	4.00087	5154310	27307	27307
33	4	4:146242602-153889265	4:147021694-153235887	4.00984	6213512	29299	29299
34	4	4:151220020-157889080	4:153235888-156892020	5.85802	3655526	20101	20101
35	4	4:156327833-162734388	4:156892021-161798525	4.00414	4906313	27668	27668
36	4	4:160698969-165976041	4:161798526-165452910	4.00044	3654156	24133	24133
37	4	4:164490917-169609598	4:165452911-168827260	4.0009	3374290	22292	22292
38	4	4:167715823-174051451	4:168827261-172792447	4.00119	3965055	23437	23437
39	4	4:171310624-176974773	4:172792448-176345620	4.47575	3552789	20101	20101
40	4	4:175492645-180122574	4:176345621-179511037	5.17191	3164907	20101	20101
41	4	4:178792569-182838659	4:179511038-182338525	5.50781	2827208	20101	20101
42	4	4:181838452-185744820	4:182338526-185244198	7.78273	2905625	20101	20101
43	4	4:184744135-188731659	4:185244199-188088988	8.23943	2844732	20101	20101
44	4	4:187588771-1000000000	4:188088989-1000000000	6.19991	2954856	22611	22611
