0	13	13:1-22423763	13:1-21923749	4.00498	2903652	20689	20689
1	13	13:21338133-25223720	13:21923750-24723689	7.85401	2799930	20001	20001
2	13	13:24223659-28283044	13:24723690-27573217	6.26322	2849251	20001	20001
3	13	13:27073322-31287190	13:27573218-30787125	6.32391	3213620	20001	20001
4	13	13:30168482-35104935	13:30787126-34369470	6.42998	3582179	20001	20001
5	13	13:33776506-39241993	13:34369471-38143790	5.28649	3773967	20001	20001
6	13	13:37348706-42642637	13:38143791-41509263	4.79768	3365222	20001	20001
7	13	13:40889927-46185729	13:41509264-45380668	4.5891	3871356	20001	20001
8	13	13:44639237-50477325	13:45380669-48941378	5.03519	3560567	20001	20001
9	13	13:47738847-56325190	13:48941379-54060600	4.0005	5118962	24028	24028
10	13	13:52435472-62628197	13:54060601-61266608	4.01306	7205855	32400	32400
11	13	13:60109081-69459937	13:61266609-67751635	4.00494	6484969	37429	37429
12	13	13:66336191-72959890	13:67751636-72361762	4.00003	4609977	27046	27046
13	13	13:71520241-76783423	13:72361763-75849970	5.88279	3487920	20001	20001
14	13	13:75149534-80883317	13:75849971-79777658	4.00002	3927513	22045	22045
15	13	13:79068501-88191532	13:79777659-86118004	4.00003	6340107	34910	34910
16	13	13:84492687-93283818	13:86118005-92361536	4.00004	6243289	34843	34843
17	13	13:91356690-97385221	13:92361537-95888507	4.65916	3526789	20001	20001
18	13	13:95388653-100547427	13:95888508-99584483	4.72747	3695754	20001	20001
19	13	13:99084258-103828420	13:99584484-103160149	4.75419	3575314	20001	20001
20	13	13:102306889-106656334	13:103160150-106156339	6.50732	2995863	20001	20001
21	13	13:105656371-109793378	13:106156340-109293314	8.01234	3136937	20001	20001
22	13	13:108793287-112674127	13:109293315-112173875	6.98998	2880506	20001	20001
23	13	13:111507049-1000000000	13:112173876-1000000000	5.56174	2935927	19123	19123
