0	11	11:1-3720653	11:1-3220502	6.62467	3133195	20701	20701
1	11	11:2719605-6289089	11:3220503-5675957	4.88439	2455401	20701	20701
2	11	11:5175892-10372354	11:5675958-8725425	6.44996	3049296	20701	20701
3	11	11:8193801-12711799	11:8725426-12211751	5.57802	3486109	20701	20701
4	11	11:11711640-17538971	11:12211752-16467936	4.7639	4255926	20701	20701
5	11	11:15295430-20777365	11:16467937-20181144	6.87077	3712920	20701	20701
6	11	11:19681143-24086936	11:20181145-23121535	5.24317	2940163	20701	20701
7	11	11:22371256-27750449	11:23121536-26370955	4.00285	3249052	25477	25477
8	11	11:25247589-33638380	11:26370956-32438356	4.00024	6067052	27411	27411
9	11	11:31938397-36603065	11:32438357-36103126	6.11193	3664547	20701	20701
10	11	11:35576658-41515137	11:36103127-40350688	4.00134	4247436	27324	27324
11	11	11:39389101-45039763	11:40350689-44539595	4.00048	4188835	25127	25127
12	11	11:44039234-60513780	11:44539596-58928247	4.00042	14388599	68455	68455
13	11	11:55534200-64142391	11:58928248-62962812	4.12035	4034556	20701	20701
14	11	11:62052108-69601589	11:62962813-69083750	4.0005	6120902	29189	29189
15	11	11:68102000-73623746	11:69083751-72372240	4.59154	3288442	20701	20701
16	11	11:71240302-78360169	11:72372241-76802381	4.00018	4430069	21338	21338
17	11	11:76266559-81298564	11:76802382-80492772	4.95158	3690264	20701	20701
18	11	11:79922304-87429422	11:80492773-86300469	4.00003	5807603	32228	32228
19	11	11:84214617-92821154	11:86300470-91946512	4.01078	5645927	34115	34115
20	11	11:90604596-96819444	11:91946513-95826479	4.7915	3879867	20701	20701
21	11	11:95326448-100755321	11:95826480-99756164	4.0033	3929665	25305	25305
22	11	11:98887378-105739924	11:99756165-103920313	4.00148	4164066	25458	25458
23	11	11:102837828-110702895	11:103920314-109177987	4.01732	5257455	28386	28386
24	11	11:108430981-114016080	11:109177988-113429199	4.13	4250533	20701	20701
25	11	11:112749800-117719316	11:113429200-117219346	6.37898	3789577	20701	20701
26	11	11:116384408-121636352	11:117219347-120891110	6.4335	3671572	20701	20701
27	11	11:120390716-124906967	11:120891111-124406815	6.24483	3515519	20701	20701
28	11	11:123499803-128582274	11:124406816-128073760	5.98622	3666820	20701	20701
29	11	11:127316324-132048423	11:128073761-131547828	8.17259	3473968	20701	20701
30	11	11:131047826-1000000000	11:131547829-1000000000	7.81781	3398611	21821	21821
