0	16	16:1-3401904	16:1-2894772	6.07045	2834531	20101	20101
1	16	16:2394768-6165661	16:2894773-5665640	5.40329	2770742	20101	20101
2	16	16:5165636-8165766	16:5665641-7665778	6.32189	2000074	22924	22924
3	16	16:7165584-10426259	16:7665779-9824341	5.56191	2158434	20101	20101
4	16	16:9250084-13044569	16:9824342-12544428	5.33051	2719972	20101	20101
5	16	16:11696021-16507197	16:12544429-16007189	4.94121	3462741	20101	20101
6	16	16:14471998-20517238	16:16007190-20017373	7.24014	4010026	20101	20101
7	16	16:19242830-25072117	16:20017374-24501518	7.18811	4483934	20101	20101
8	16	16:24001268-28286477	16:24501519-27786228	7.10409	3284556	20101	20101
9	16	16:27097526-49687824	16:27786229-48978406	4.0023	21192086	34842	34842
10	16	16:31656180-53440299	16:48978407-52722532	6.10796	3744075	20101	20101
11	16	16:52136624-56911856	16:52722533-55982010	7.67076	3259430	20101	20101
12	16	16:55481794-60362562	16:55982011-59344947	5.71647	3362856	20101	20101
13	16	16:58524867-64407348	16:59344948-63447384	4.00266	4102192	20832	20832
14	16	16:62463475-70891236	16:63447385-68527508	4.00024	5079883	22815	22815
15	16	16:66131861-74069267	16:68527509-73566151	4.00011	5038512	22778	22778
16	16	16:73065874-77690072	16:73566152-76799497	4.20596	3233231	20101	20101
17	16	16:76059085-79347926	16:76799498-78847913	4.20219	2048331	20101	20101
18	16	16:78347919-81550448	16:78847914-81050393	6.49342	2202382	20101	20101
19	16	16:80550447-83702488	16:81050394-83202232	6.42544	2151770	20101	20101
20	16	16:82702197-85729583	16:83202233-85229424	7.58326	2027137	20101	20101
21	16	16:84729471-87993975	16:85229425-87493999	9.43772	2264479	20101	20101
22	16	16:86953149-1000000000	16:87494000-1000000000	5.20724	2798746	23192	23192
