0	14	14:1-23214517	14:1-22714492	10.1256	3714402	20301	20301
1	14	14:22214505-26643485	14:22714493-26143631	7.71623	3428962	20301	20301
2	14	14:25583619-30829481	14:26143632-30040267	4.74007	3896477	20301	20301
3	14	14:29199301-34263552	14:30040268-33763455	5.8829	3723102	20301	20301
4	14	14:33263506-38712705	14:33763456-37431070	7.21464	3667338	20301	20301
5	14	14:36874744-45205936	14:37431071-43554352	4.00002	6122965	36805	36805
6	14	14:42718255-51342234	14:43554353-50362754	4.0092	6808209	37894	37894
7	14	14:49004821-54437832	14:50362755-53921639	4.24545	3558788	20301	20301
8	14	14:52677183-58439837	14:53921640-57571473	5.45614	3649716	20301	20301
9	14	14:57034325-63166572	14:57571474-62221859	4.0056	4650249	23123	23123
10	14	14:61683205-69053534	14:62221860-67889769	4.04305	5667814	30661	30661
11	14	14:65652886-72848239	14:67889770-71596421	4.65469	3706519	20301	20301
12	14	14:71096344-76546936	14:71596422-75795428	4.00239	4198903	22047	22047
13	14	14:74842815-80414857	14:75795429-79261657	5.22232	3466168	20301	20301
14	14	14:78561330-85180020	14:79261658-83787510	4.00001	4525606	24595	24595
15	14	14:82837337-89483346	14:83787511-88216350	4.00008	4428588	25488	25488
16	14	14:87127596-92652216	14:88216351-91755242	5.87231	3538808	20301	20301
17	14	14:91075035-95539737	14:91755243-95039785	5.36427	3284359	20301	20301
18	14	14:94455902-98928631	14:95039786-98241502	8.4621	3201561	20301	20301
19	14	14:97741470-102027051	14:98241503-101526240	6.78725	3284658	20301	20301
20	14	14:101026299-105541121	14:101526241-104869314	5.10332	3343013	20301	20301
21	14	14:104369228-1000000000	14:104869315-1000000000	5.28258	2420121	18884	18884
