0	8	8:1-2636022	8:1-2135930	4.26777	2124122	20101	20101
1	8	8:1635715-4636093	8:2135931-4136077	5.9738	2000087	27353	27353
2	8	8:3636082-6636119	8:4136078-6136166	5.45018	2000011	26695	26695
3	8	8:5635996-9692258	8:6136167-8971473	4.39531	2835251	20101	20101
4	8	8:8082605-12142216	8:8971474-11604095	4.1736	2632549	20101	20101
5	8	8:11104111-14622013	8:11604096-13817413	6.45367	2213100	20101	20101
6	8	8:13235841-17141481	8:13817414-16641337	4.00289	2823775	27308	27308
7	8	8:15990073-19375932	8:16641338-18875859	5.05853	2234496	20101	20101
8	8	8:18375812-22107986	8:18875860-21607496	5.53154	2731594	20101	20101
9	8	8:21107389-25539830	8:21607497-24930974	5.24033	3323309	20101	20101
10	8	8:23952921-28691876	8:24930975-28191406	4.88723	3260181	20101	20101
11	8	8:27575876-34083175	8:28191407-32040688	5.3517	3848918	20101	20101
12	8	8:30869803-38815855	8:32040689-38017572	4.00251	5976308	28986	28986
13	8	8:37493970-49832249	8:38017573-41719659	4.00575	3701683	20358	20358
14	8	8:40977363-55914369	8:41719660-54547953	4.0004	12828175	50758	50758
15	8	8:53330772-59799367	8:54547954-59061806	4.00277	4513820	25266	25266
16	8	8:58341514-65761561	8:59061807-63395199	4.00144	4333280	23109	23109
17	8	8:62005820-70178113	8:63395200-69642137	4.00203	6246762	29751	29751
18	8	8:68907941-74082215	8:69642138-73310194	6.31848	3667831	20101	20101
19	8	8:72810317-80655159	8:73310195-78633307	4.00517	5322914	28795	28795
20	8	8:76578385-87242775	8:78633308-84216578	4.0078	5583162	30250	30250
21	8	8:82368891-94165158	8:84216579-93040426	4.00156	8823779	45019	45019
22	8	8:90878905-98018578	8:93040427-97061715	4.5966	4021287	20101	20101
23	8	8:96535008-101978019	8:97061716-101477953	4.00055	4416231	20396	20396
24	8	8:99372151-106594028	8:101477954-105089067	5.5959	3611072	20101	20101
25	8	8:103760362-114954651	8:105089068-111457953	4.00652	6368661	32501	32501
26	8	8:109013218-119497769	8:111457954-118534762	4.0001	7076510	34990	34990
27	8	8:117817353-123528645	8:118534763-122627609	4.0036	4092577	23459	23459
28	8	8:121921495-126775348	8:122627610-126275438	6.11444	3647516	20101	20101
29	8	8:125600615-130395838	8:126275439-129495603	7.08168	3219846	20101	20101
30	8	8:128995614-133500630	8:129495604-132887834	4.00012	3391966	20381	20381
31	8	8:131984878-137153984	8:132887835-136110209	5.75398	3222234	20101	20101
32	8	8:135498886-139812024	8:136110210-139312103	4.00005	3201652	20318	20318
33	8	8:138812258-143071056	8:139312104-142571060	6.51265	3258738	20101	20101
34	8	8:142063964-1000000000	8:142571061-1000000000	5.16187	3732709	22793	22793
