0	22	22:1-20377081	22:1-19876935	10.8365	3826758	21401	21401
1	22	22:19376929-24104069	22:19876936-23604061	9.38073	3727041	21401	21401
2	22	22:23104069-27176336	22:23604062-26676171	6.44098	3072016	21401	21401
3	22	22:26176224-32537615	22:26676172-30683195	7.76547	4006864	21401	21401
4	22	22:28714300-35401180	22:30683196-34360842	4.90577	3677488	21401	21401
5	22	22:33842875-38504673	22:34360843-37763852	6.83964	3402931	21401	21401
6	22	22:37263846-43571315	22:37763853-42292922	4.22869	4529060	21401	21401
7	22	22:39941632-45914461	22:42292923-45414486	6.71003	3121535	21401	21401
8	22	22:44914354-48865976	22:45414487-48365259	7.03059	2950731	21401	21401
9	22	22:47865190-1000000000	22:48365260-1000000000	9.99908	2878891	24545	24545
